0 0.11842105263157894 0.326171875 0.07894736842105263 0.21484375
0 0.8626644736842105 0.34765625 0.05756578947368421 0.1640625
0 0.7828947368421052 0.373046875 0.05592105263157894 0.16796875
0 0.6833881578947368 0.421875 0.06085526315789473 0.1796875
0 0.5641447368421052 0.48046875 0.0625 0.1875
0 0.4226973684210526 0.501953125 0.06907894736842105 0.19921875
0 0.2574013157894737 0.59375 0.07730263157894736 0.234375
0 0.8667763157894737 0.0625 0.05263157894736842 0.1015625
0 0.7277960526315789 0.181640625 0.044407894736842105 0.13671875
0 0.6365131578947368 0.1953125 0.049342105263157895 0.15625
0 0.528782894736842 0.240234375 0.04769736842105263 0.16015625
0 0.41776315789473684 0.236328125 0.05921052631578947 0.17578125
0 0.28125 0.283203125 0.0625 0.19921875
