0 0.1513157894736842 0.3359375 0.08223684210526315 0.2265625
0 0.8626644736842105 0.34765625 0.05756578947368421 0.1640625
0 0.7828947368421052 0.376953125 0.05592105263157894 0.16796875
0 0.6842105263157894 0.421875 0.05921052631578947 0.1796875
0 0.5641447368421052 0.486328125 0.0625 0.19140625
0 0.4226973684210526 0.50390625 0.06907894736842105 0.203125
0 0.2574013157894737 0.59375 0.07730263157894736 0.234375
0 0.8684210526315789 0.060546875 0.05263157894736842 0.09765625
0 0.7277960526315789 0.181640625 0.044407894736842105 0.13671875
0 0.6356907894736842 0.189453125 0.04769736842105263 0.15234375
0 0.5304276315789473 0.236328125 0.04769736842105263 0.16015625
0 0.41776315789473684 0.236328125 0.05921052631578947 0.17578125
0 0.2870065789473684 0.291015625 0.06414473684210525 0.20703125
