0 0.8618421052631579 0.40234375 0.05592105263157894 0.171875
0 0.8585526315789473 0.087890625 0.05263157894736842 0.12890625
0 0.7804276315789473 0.427734375 0.05427631578947368 0.15234375
0 0.7195723684210525 0.236328125 0.044407894736842105 0.13671875
0 0.6282894736842105 0.24609375 0.049342105263157895 0.140625
0 0.5238486842105263 0.296875 0.05098684210526316 0.15625
0 0.4169407894736842 0.302734375 0.05756578947368421 0.16796875
0 0.2787828947368421 0.337890625 0.05756578947368421 0.19140625
0 0.11842105263157894 0.37890625 0.07236842105263158 0.2109375
0 0.6809210526315789 0.474609375 0.05592105263157894 0.17578125
0 0.5567434210526315 0.525390625 0.06085526315789473 0.19140625
0 0.4259868421052631 0.564453125 0.05592105263157894 0.17578125
0 0.35526315789473684 0.630859375 0.08223684210526315 0.28515625
