0 0.1800986842105263 0.17578125 0.07730263157894736 0.2109375
0 0.8610197368421052 0.34765625 0.05756578947368421 0.1640625
0 0.7828947368421052 0.37890625 0.05592105263157894 0.171875
0 0.6858552631578947 0.421875 0.05921052631578947 0.1796875
0 0.5666118421052632 0.482421875 0.06414473684210525 0.19140625
0 0.42434210526315785 0.501953125 0.06907894736842105 0.20703125
0 0.2574013157894737 0.58984375 0.07730263157894736 0.234375
0 0.8675986842105262 0.0625 0.05098684210526316 0.09375
0 0.7261513157894737 0.181640625 0.044407894736842105 0.13671875
0 0.6373355263157895 0.19140625 0.04769736842105263 0.15625
0 0.5320723684210527 0.23828125 0.04769736842105263 0.1640625
0 0.4194078947368421 0.232421875 0.05921052631578947 0.17578125
0 0.29605263157894735 0.279296875 0.0625 0.19921875
