0 0.11924342105263157 0.322265625 0.07072368421052631 0.19921875
0 0.8618421052631579 0.349609375 0.05592105263157894 0.16796875
0 0.7828947368421052 0.37890625 0.05592105263157894 0.171875
0 0.6809210526315789 0.427734375 0.06578947368421052 0.18359375
0 0.5657894736842105 0.490234375 0.0625 0.19140625
0 0.42351973684210525 0.501953125 0.06743421052631579 0.19140625
0 0.2574013157894737 0.59375 0.07730263157894736 0.234375
0 0.8684210526315789 0.0625 0.05592105263157894 0.1015625
0 0.7261513157894737 0.185546875 0.044407894736842105 0.13671875
0 0.6356907894736842 0.19921875 0.05098684210526316 0.15625
0 0.5304276315789473 0.244140625 0.04769736842105263 0.15234375
0 0.41776315789473684 0.240234375 0.05921052631578947 0.17578125
0 0.2763157894736842 0.28125 0.0625 0.1953125
