0 0.8618421052631579 0.408203125 0.05592105263157894 0.17578125
0 0.8585526315789473 0.091796875 0.05263157894736842 0.12890625
0 0.7804276315789473 0.431640625 0.05427631578947368 0.15234375
0 0.7195723684210525 0.240234375 0.044407894736842105 0.13671875
0 0.6266447368421052 0.25 0.049342105263157895 0.140625
0 0.5246710526315789 0.30078125 0.05263157894736842 0.15625
0 0.41858552631578944 0.302734375 0.05756578947368421 0.16796875
0 0.28042763157894735 0.33984375 0.05756578947368421 0.1875
0 0.11842105263157894 0.37890625 0.07236842105263158 0.2109375
0 0.6817434210526315 0.474609375 0.05756578947368421 0.17578125
0 0.5567434210526315 0.529296875 0.06085526315789473 0.19140625
0 0.42680921052631576 0.56640625 0.05427631578947368 0.171875
0 0.34868421052631576 0.478515625 0.07894736842105263 0.26953125
