0 0.1800986842105263 0.3046875 0.07730263157894736 0.2265625
0 0.8634868421052632 0.34765625 0.05921052631578947 0.1640625
0 0.7828947368421052 0.376953125 0.05592105263157894 0.16796875
0 0.685032894736842 0.42578125 0.06085526315789473 0.1796875
0 0.5649671052631579 0.482421875 0.06414473684210525 0.19140625
0 0.42434210526315785 0.5078125 0.06907894736842105 0.203125
0 0.2574013157894737 0.59375 0.07730263157894736 0.234375
0 0.8684210526315789 0.064453125 0.05263157894736842 0.09765625
0 0.7277960526315789 0.18359375 0.044407894736842105 0.140625
0 0.6356907894736842 0.19140625 0.04769736842105263 0.15625
0 0.5450856907894737 0.23828125 0.04769736842105263 0.1640625
0 0.4194078947368421 0.232421875 0.05921052631578947 0.17578125
0 0.2911184210526316 0.291015625 0.06578947368421052 0.20703125
