0 0.11842105263157894 0.322265625 0.07236842105263158 0.20703125
0 0.8634868421052632 0.3515625 0.05592105263157894 0.171875
0 0.7828947368421052 0.37890625 0.05592105263157894 0.171875
0 0.6825657894736842 0.427734375 0.0625 0.18359375
0 0.5649671052631579 0.490234375 0.06085526315789473 0.19140625
0 0.421875 0.5078125 0.06743421052631579 0.1953125
0 0.2582236842105263 0.59765625 0.07894736842105263 0.234375
0 0.8684210526315789 0.05859375 0.05592105263157894 0.1015625
0 0.7261513157894737 0.181640625 0.044407894736842105 0.13671875
0 0.6356907894736842 0.1953125 0.05098684210526316 0.15625
0 0.5271381578947368 0.240234375 0.04769736842105263 0.15234375
0 0.41776315789473684 0.240234375 0.05921052631578947 0.17578125
0 0.2746710526315789 0.283203125 0.05921052631578947 0.19140625
