0 0.18585526315789472 0.193359375 0.0756578947368421 0.21484375
0 0.8626644736842105 0.34765625 0.05756578947368421 0.1640625
0 0.7828947368421052 0.373046875 0.05592105263157894 0.16796875
0 0.6858552631578947 0.419921875 0.05921052631578947 0.17578125
0 0.5649671052631579 0.482421875 0.06414473684210525 0.19140625
0 0.4226973684210526 0.50390625 0.06907894736842105 0.203125
0 0.2574013157894737 0.59375 0.07730263157894736 0.234375
0 0.865953947368421 0.064453125 0.05098684210526316 0.09765625
0 0.7277960526315789 0.181640625 0.044407894736842105 0.13671875
0 0.6365131578947368 0.19140625 0.046052631578947366 0.15625
0 0.5581149671052632 0.255706640625 0.04769736842105263 0.16796874999999997
0 0.4194078947368421 0.232421875 0.05921052631578947 0.17578125
0 0.2894736842105263 0.275390625 0.0625 0.19140625
