0 0.14226973684210525 0.333984375 0.0805921052631579 0.22265625
0 0.8626644736842105 0.34765625 0.05756578947368421 0.1640625
0 0.7828947368421052 0.373046875 0.05592105263157894 0.16796875
0 0.685032894736842 0.42578125 0.06085526315789473 0.1796875
0 0.5641447368421052 0.48046875 0.0625 0.1875
0 0.42351973684210525 0.5078125 0.06743421052631579 0.203125
0 0.2574013157894737 0.59375 0.07730263157894736 0.234375
0 0.8684210526315789 0.0625 0.05263157894736842 0.1015625
0 0.7277960526315789 0.181640625 0.044407894736842105 0.13671875
0 0.6356907894736842 0.19140625 0.04769736842105263 0.15625
0 0.528782894736842 0.240234375 0.04769736842105263 0.16015625
0 0.4194078947368421 0.236328125 0.05921052631578947 0.17578125
0 0.28536184210526316 0.28515625 0.06414473684210525 0.203125
