0 0.1768092105263158 0.16796875 0.07730263157894736 0.2109375
0 0.8618421052631579 0.345703125 0.05921052631578947 0.16015625
0 0.7828947368421052 0.373046875 0.05592105263157894 0.16796875
0 0.6858552631578947 0.419921875 0.05921052631578947 0.17578125
0 0.5649671052631579 0.4765625 0.06414473684210525 0.1875
0 0.42434210526315785 0.501953125 0.06907894736842105 0.20703125
0 0.2574013157894737 0.59375 0.07730263157894736 0.234375
0 0.8675986842105262 0.064453125 0.05098684210526316 0.09765625
0 0.7277960526315789 0.18359375 0.044407894736842105 0.140625
0 0.6365131578947368 0.189453125 0.046052631578947366 0.15234375
0 0.5320723684210527 0.236328125 0.04769736842105263 0.16796875
0 0.4194078947368421 0.232421875 0.05921052631578947 0.17578125
0 0.3001644736842105 0.279296875 0.06414473684210525 0.19921875
