0 0.8601973684210525 0.392578125 0.05592105263157894 0.17578125
0 0.8585526315789473 0.083984375 0.05263157894736842 0.12890625
0 0.7779605263157894 0.421875 0.05592105263157894 0.15625
0 0.7195723684210525 0.228515625 0.044407894736842105 0.13671875
0 0.6282894736842105 0.236328125 0.049342105263157895 0.13671875
0 0.5246710526315789 0.2890625 0.049342105263157895 0.15625
0 0.4169407894736842 0.29296875 0.05756578947368421 0.171875
0 0.27796052631578944 0.328125 0.05921052631578947 0.1953125
0 0.11842105263157894 0.3671875 0.07236842105263158 0.203125
0 0.6792763157894737 0.462890625 0.05263157894736842 0.17578125
0 0.5559210526315789 0.517578125 0.05921052631578947 0.19140625
0 0.4251644736842105 0.5546875 0.06085526315789473 0.1796875
0 0.28536184210526316 0.658203125 0.07730263157894736 0.26171875
