0 0.13898026315789472 0.333984375 0.0805921052631579 0.22265625
0 0.8626644736842105 0.349609375 0.05756578947368421 0.16796875
0 0.7828947368421052 0.37890625 0.05592105263157894 0.171875
0 0.6842105263157894 0.423828125 0.05921052631578947 0.17578125
0 0.5657894736842105 0.486328125 0.0625 0.19140625
0 0.42351973684210525 0.5078125 0.06743421052631579 0.203125
0 0.2574013157894737 0.59765625 0.07730263157894736 0.234375
0 0.8692434210526315 0.060546875 0.05427631578947368 0.09765625
0 0.7261513157894737 0.18359375 0.044407894736842105 0.140625
0 0.6356907894736842 0.189453125 0.04769736842105263 0.15234375
0 0.5304276315789473 0.23828125 0.04769736842105263 0.1640625
0 0.4194078947368421 0.236328125 0.05921052631578947 0.17578125
0 0.2845394736842105 0.28515625 0.0625 0.203125
