0 0.8643092105263157 0.4140625 0.05756578947368421 0.171875
0 0.8585526315789473 0.095703125 0.05263157894736842 0.12890625
0 0.78125 0.435546875 0.05263157894736842 0.15234375
0 0.7195723684210525 0.244140625 0.044407894736842105 0.13671875
0 0.6266447368421052 0.2578125 0.049342105263157895 0.1484375
0 0.5238486842105263 0.3046875 0.05427631578947368 0.15625
0 0.41858552631578944 0.310546875 0.05756578947368421 0.16796875
0 0.28042763157894735 0.341796875 0.05756578947368421 0.18359375
0 0.11842105263157894 0.388671875 0.07236842105263158 0.21484375
0 0.6825657894736842 0.486328125 0.05921052631578947 0.17578125
0 0.5575657894736842 0.537109375 0.0625 0.19140625
0 0.33963815789473684 0.25 0.07401315789473684 0.25
