0 0.12088815789473684 0.318359375 0.07401315789473684 0.20703125
0 0.8626644736842105 0.349609375 0.05756578947368421 0.16796875
0 0.7828947368421052 0.375 0.05592105263157894 0.171875
0 0.6842105263157894 0.42578125 0.0625 0.1796875
0 0.5657894736842105 0.484375 0.0625 0.1875
0 0.42434210526315785 0.50390625 0.06907894736842105 0.1953125
0 0.2582236842105263 0.59765625 0.07894736842105263 0.234375
0 0.8684210526315789 0.05859375 0.05592105263157894 0.1015625
0 0.7261513157894737 0.18359375 0.044407894736842105 0.140625
0 0.6373355263157895 0.1953125 0.05098684210526316 0.15625
0 0.5271381578947368 0.2421875 0.04769736842105263 0.15625
0 0.4161184210526316 0.236328125 0.05921052631578947 0.17578125
0 0.27713815789473684 0.28515625 0.06085526315789473 0.1953125
