0 0.8610197368421052 0.392578125 0.05756578947368421 0.17578125
0 0.8585526315789473 0.080078125 0.05263157894736842 0.12890625
0 0.7779605263157894 0.421875 0.05592105263157894 0.15625
0 0.7195723684210525 0.232421875 0.044407894736842105 0.13671875
0 0.6282894736842105 0.23828125 0.049342105263157895 0.140625
0 0.5230263157894737 0.2890625 0.049342105263157895 0.15625
0 0.4169407894736842 0.294921875 0.05756578947368421 0.17578125
0 0.27796052631578944 0.326171875 0.05921052631578947 0.19140625
0 0.11842105263157894 0.373046875 0.07236842105263158 0.20703125
0 0.6800986842105263 0.466796875 0.05427631578947368 0.17578125
0 0.5559210526315789 0.517578125 0.05921052631578947 0.19140625
0 0.4259868421052631 0.560546875 0.05921052631578947 0.18359375
0 0.3075657894736842 0.703125 0.07894736842105263 0.265625
