0 0.8618421052631579 0.40625 0.05592105263157894 0.171875
0 0.8585526315789473 0.091796875 0.05263157894736842 0.12890625
0 0.7804276315789473 0.43359375 0.05427631578947368 0.15625
0 0.7195723684210525 0.236328125 0.044407894736842105 0.13671875
0 0.6266447368421052 0.251953125 0.049342105263157895 0.14453125
0 0.5246710526315789 0.30078125 0.05263157894736842 0.15625
0 0.41776315789473684 0.302734375 0.05592105263157894 0.16796875
0 0.28042763157894735 0.3359375 0.05756578947368421 0.1875
0 0.11842105263157894 0.3828125 0.07236842105263158 0.2109375
0 0.6809210526315789 0.478515625 0.05592105263157894 0.17578125
0 0.5567434210526315 0.533203125 0.06085526315789473 0.19140625
0 0.4259868421052631 0.5703125 0.05263157894736842 0.171875
0 0.34868421052631576 0.45703125 0.07894736842105263 0.2734375
