0 0.8634868421052632 0.419921875 0.05592105263157894 0.17578125
0 0.8585526315789473 0.099609375 0.05263157894736842 0.12890625
0 0.7837171052631579 0.439453125 0.05427631578947368 0.15234375
0 0.7195723684210525 0.244140625 0.044407894736842105 0.13671875
0 0.6266447368421052 0.26171875 0.049342105263157895 0.1484375
0 0.5238486842105263 0.30859375 0.05427631578947368 0.15625
0 0.41776315789473684 0.310546875 0.05592105263157894 0.16796875
0 0.28125 0.341796875 0.05592105263157894 0.18359375
0 0.11842105263157894 0.392578125 0.07236842105263158 0.21484375
0 0.6809210526315789 0.486328125 0.05921052631578947 0.17578125
0 0.5575657894736842 0.541015625 0.0625 0.19140625
0 0.34292763157894735 0.228515625 0.07072368421052631 0.23828125
