0 0.12006578947368421 0.32421875 0.0756578947368421 0.1953125
0 0.8634868421052632 0.3515625 0.05592105263157894 0.171875
0 0.7828947368421052 0.37890625 0.05592105263157894 0.171875
0 0.6800986842105263 0.4296875 0.06743421052631579 0.1875
0 0.5657894736842105 0.48828125 0.0625 0.1875
0 0.42351973684210525 0.5078125 0.06743421052631579 0.1953125
0 0.2574013157894737 0.59375 0.07730263157894736 0.234375
0 0.8692434210526315 0.05859375 0.05756578947368421 0.1015625
0 0.7261513157894737 0.185546875 0.044407894736842105 0.13671875
0 0.6348684210526315 0.19921875 0.05263157894736842 0.15625
0 0.5296052631578947 0.2421875 0.046052631578947366 0.1484375
0 0.4161184210526316 0.240234375 0.05921052631578947 0.17578125
0 0.2763157894736842 0.28125 0.06578947368421052 0.1953125
