0 0.8610197368421052 0.390625 0.05756578947368421 0.171875
0 0.8585526315789473 0.080078125 0.05263157894736842 0.12890625
0 0.7771381578947368 0.41796875 0.05427631578947368 0.15625
0 0.7195723684210525 0.228515625 0.044407894736842105 0.13671875
0 0.6282894736842105 0.23828125 0.049342105263157895 0.140625
0 0.5230263157894737 0.28515625 0.049342105263157895 0.15625
0 0.41776315789473684 0.29296875 0.05921052631578947 0.171875
0 0.27796052631578944 0.330078125 0.05921052631578947 0.19140625
0 0.11842105263157894 0.369140625 0.07236842105263158 0.20703125
0 0.6800986842105263 0.462890625 0.05427631578947368 0.17578125
0 0.5567434210526315 0.513671875 0.06085526315789473 0.19140625
0 0.42434210526315785 0.55859375 0.05921052631578947 0.1796875
0 0.2911184210526316 0.669921875 0.07894736842105263 0.26171875
