0 0.12006578947368421 0.328125 0.07236842105263158 0.203125
0 0.8618421052631579 0.3515625 0.05592105263157894 0.171875
0 0.7828947368421052 0.37890625 0.05592105263157894 0.171875
0 0.6825657894736842 0.427734375 0.06578947368421052 0.18359375
0 0.5657894736842105 0.48828125 0.0625 0.1875
0 0.421875 0.5078125 0.06743421052631579 0.1953125
0 0.2574013157894737 0.59375 0.07730263157894736 0.234375
0 0.8684210526315789 0.0625 0.05592105263157894 0.1015625
0 0.7261513157894737 0.185546875 0.044407894736842105 0.13671875
0 0.6365131578947368 0.19921875 0.05263157894736842 0.15625
0 0.5279605263157895 0.244140625 0.046052631578947366 0.15234375
0 0.41776315789473684 0.240234375 0.05921052631578947 0.17578125
0 0.2738486842105263 0.28515625 0.06085526315789473 0.1953125
