0 0.12006578947368421 0.314453125 0.0756578947368421 0.20703125
0 0.8626644736842105 0.349609375 0.05756578947368421 0.16796875
0 0.7828947368421052 0.376953125 0.05592105263157894 0.16796875
0 0.6817434210526315 0.42578125 0.06085526315789473 0.1796875
0 0.5641447368421052 0.484375 0.0625 0.1875
0 0.42351973684210525 0.505859375 0.06743421052631579 0.19921875
0 0.2574013157894737 0.59765625 0.07730263157894736 0.234375
0 0.8675986842105262 0.05859375 0.05427631578947368 0.1015625
0 0.7261513157894737 0.185546875 0.044407894736842105 0.13671875
0 0.6365131578947368 0.1953125 0.049342105263157895 0.15625
0 0.5271381578947368 0.2421875 0.04769736842105263 0.15625
0 0.41776315789473684 0.240234375 0.05921052631578947 0.17578125
0 0.2787828947368421 0.28125 0.06085526315789473 0.1953125
