0 0.11842105263157894 0.3203125 0.07236842105263158 0.203125
0 0.8618421052631579 0.349609375 0.05592105263157894 0.16796875
0 0.7828947368421052 0.37890625 0.05592105263157894 0.171875
0 0.6817434210526315 0.42578125 0.06414473684210525 0.1796875
0 0.5657894736842105 0.484375 0.0625 0.1875
0 0.42351973684210525 0.50390625 0.06743421052631579 0.1953125
0 0.2574013157894737 0.59765625 0.07730263157894736 0.234375
0 0.8684210526315789 0.0625 0.05592105263157894 0.1015625
0 0.7277960526315789 0.185546875 0.044407894736842105 0.13671875
0 0.6356907894736842 0.1953125 0.05098684210526316 0.15625
0 0.5263157894736842 0.240234375 0.046052631578947366 0.15234375
0 0.41776315789473684 0.240234375 0.05921052631578947 0.17578125
0 0.2746710526315789 0.283203125 0.05921052631578947 0.19140625
