0 0.12911184210526316 0.328125 0.0805921052631579 0.21875
0 0.8626644736842105 0.349609375 0.05756578947368421 0.16796875
0 0.7828947368421052 0.37890625 0.05592105263157894 0.171875
0 0.685032894736842 0.42578125 0.06085526315789473 0.1796875
0 0.5657894736842105 0.486328125 0.0625 0.19140625
0 0.421875 0.505859375 0.06743421052631579 0.19921875
0 0.2574013157894737 0.59375 0.07730263157894736 0.234375
0 0.8684210526315789 0.060546875 0.05263157894736842 0.09765625
0 0.7277960526315789 0.181640625 0.044407894736842105 0.13671875
0 0.6365131578947368 0.1953125 0.049342105263157895 0.15625
0 0.5304276315789473 0.240234375 0.04769736842105263 0.16015625
0 0.41776315789473684 0.236328125 0.05921052631578947 0.17578125
0 0.28371710526315785 0.283203125 0.06414473684210525 0.19921875
