0 0.12006578947368421 0.326171875 0.07894736842105263 0.21484375
0 0.8626644736842105 0.34765625 0.05756578947368421 0.1640625
0 0.7828947368421052 0.373046875 0.05592105263157894 0.16796875
0 0.6842105263157894 0.42578125 0.0625 0.1796875
0 0.5641447368421052 0.484375 0.0625 0.1875
0 0.42434210526315785 0.505859375 0.06907894736842105 0.19921875
0 0.2574013157894737 0.59765625 0.07730263157894736 0.234375
0 0.8692434210526315 0.0625 0.05427631578947368 0.1015625
0 0.7261513157894737 0.181640625 0.044407894736842105 0.13671875
0 0.6365131578947368 0.19140625 0.049342105263157895 0.15625
0 0.528782894736842 0.240234375 0.04769736842105263 0.16015625
0 0.41776315789473684 0.236328125 0.05921052631578947 0.17578125
0 0.28125 0.283203125 0.0625 0.19921875
