0 0.18914473684210525 0.203125 0.0756578947368421 0.21875
0 0.8626644736842105 0.34765625 0.05756578947368421 0.1640625
0 0.7828947368421052 0.373046875 0.05592105263157894 0.16796875
0 0.6858552631578947 0.421875 0.05921052631578947 0.1796875
0 0.5641447368421052 0.48046875 0.0625 0.1875
0 0.421875 0.505859375 0.06743421052631579 0.20703125
0 0.2574013157894737 0.58984375 0.07730263157894736 0.234375
0 0.8684210526315789 0.064453125 0.05263157894736842 0.09765625
0 0.7261513157894737 0.18359375 0.044407894736842105 0.140625
0 0.6373355263157895 0.189453125 0.04769736842105263 0.15234375
0 0.5499876644736842 0.234375 0.04769736842105263 0.1640625
0 0.4194078947368421 0.232421875 0.05921052631578947 0.17578125
0 0.28536184210526316 0.27734375 0.06085526315789473 0.1953125
