0 0.17269736842105263 0.109375 0.08552631578947367 0.203125
0 0.8634868421052632 0.34765625 0.05921052631578947 0.1640625
0 0.7828947368421052 0.373046875 0.05592105263157894 0.16796875
0 0.6891447368421052 0.419921875 0.05921052631578947 0.17578125
0 0.5649671052631579 0.482421875 0.06414473684210525 0.19140625
0 0.421875 0.501953125 0.06743421052631579 0.20703125
0 0.2574013157894737 0.58984375 0.07730263157894736 0.234375
0 0.8675986842105262 0.0625 0.05098684210526316 0.09375
0 0.7277960526315789 0.1796875 0.044407894736842105 0.140625
0 0.6356907894736842 0.185546875 0.044407894736842105 0.15234375
0 0.5337171052631579 0.2421875 0.04769736842105263 0.171875
0 0.42105263157894735 0.228515625 0.05921052631578947 0.17578125
0 0.3914473684210526 0.33984375 0.06907894736842105 0.21875
