0 0.12335526315789473 0.326171875 0.07894736842105263 0.21484375
0 0.8626644736842105 0.34765625 0.05756578947368421 0.1640625
0 0.7828947368421052 0.373046875 0.05592105263157894 0.16796875
0 0.685032894736842 0.421875 0.06085526315789473 0.1796875
0 0.5641447368421052 0.484375 0.0625 0.1875
0 0.4226973684210526 0.505859375 0.06907894736842105 0.19921875
0 0.2574013157894737 0.59375 0.07730263157894736 0.234375
0 0.8692434210526315 0.0625 0.05427631578947368 0.1015625
0 0.7277960526315789 0.18359375 0.044407894736842105 0.140625
0 0.6356907894736842 0.189453125 0.04769736842105263 0.15234375
0 0.528782894736842 0.240234375 0.04769736842105263 0.16015625
0 0.41776315789473684 0.236328125 0.05921052631578947 0.17578125
0 0.28125 0.28515625 0.0625 0.203125
