0 0.11924342105263157 0.32421875 0.07072368421052631 0.203125
0 0.8634868421052632 0.349609375 0.05592105263157894 0.16796875
0 0.7828947368421052 0.375 0.05592105263157894 0.171875
0 0.6817434210526315 0.431640625 0.06414473684210525 0.18359375
0 0.5657894736842105 0.484375 0.0625 0.1875
0 0.42351973684210525 0.5078125 0.06743421052631579 0.1953125
0 0.2582236842105263 0.59765625 0.07894736842105263 0.234375
0 0.8684210526315789 0.064453125 0.05592105263157894 0.10546875
0 0.7261513157894737 0.181640625 0.044407894736842105 0.13671875
0 0.6356907894736842 0.1953125 0.05098684210526316 0.15625
0 0.5279605263157895 0.2421875 0.046052631578947366 0.15625
0 0.4161184210526316 0.240234375 0.05921052631578947 0.17578125
0 0.2738486842105263 0.283203125 0.06085526315789473 0.19140625
