0 0.18667763157894735 0.275390625 0.07401315789473684 0.22265625
0 0.8618421052631579 0.34765625 0.05921052631578947 0.1640625
0 0.7828947368421052 0.373046875 0.05592105263157894 0.16796875
0 0.685032894736842 0.423828125 0.06085526315789473 0.17578125
0 0.5649671052631579 0.48046875 0.06414473684210525 0.1875
0 0.4226973684210526 0.505859375 0.06907894736842105 0.20703125
0 0.2574013157894737 0.59375 0.07730263157894736 0.234375
0 0.8667763157894737 0.064453125 0.05263157894736842 0.09765625
0 0.7277960526315789 0.18359375 0.044407894736842105 0.140625
0 0.6356907894736842 0.19140625 0.04769736842105263 0.15625
0 0.5451016447368421 0.240234375 0.04769736842105263 0.16796875
0 0.4194078947368421 0.232421875 0.05921052631578947 0.17578125
0 0.2911184210526316 0.28515625 0.06578947368421052 0.203125
