0 0.11842105263157894 0.314453125 0.0756578947368421 0.20703125
0 0.8643092105263157 0.349609375 0.05756578947368421 0.16796875
0 0.7828947368421052 0.375 0.05592105263157894 0.171875
0 0.6842105263157894 0.42578125 0.0625 0.1796875
0 0.5657894736842105 0.484375 0.0625 0.1875
0 0.42351973684210525 0.505859375 0.06743421052631579 0.19921875
0 0.2574013157894737 0.59765625 0.07730263157894736 0.234375
0 0.8675986842105262 0.0625 0.05427631578947368 0.1015625
0 0.7261513157894737 0.18359375 0.044407894736842105 0.140625
0 0.6365131578947368 0.1953125 0.049342105263157895 0.15625
0 0.528782894736842 0.240234375 0.04769736842105263 0.16015625
0 0.41776315789473684 0.236328125 0.05921052631578947 0.17578125
0 0.27960526315789475 0.28125 0.0625 0.1953125
