0 0.8643092105263157 0.404296875 0.05756578947368421 0.17578125
0 0.8585526315789473 0.091796875 0.05263157894736842 0.12890625
0 0.7804276315789473 0.43359375 0.05427631578947368 0.15625
0 0.7195723684210525 0.236328125 0.044407894736842105 0.13671875
0 0.6282894736842105 0.248046875 0.049342105263157895 0.14453125
0 0.5246710526315789 0.296875 0.05263157894736842 0.15625
0 0.41858552631578944 0.3046875 0.05756578947368421 0.171875
0 0.27960526315789475 0.337890625 0.05921052631578947 0.19140625
0 0.11842105263157894 0.37890625 0.07236842105263158 0.2109375
0 0.6809210526315789 0.474609375 0.05592105263157894 0.17578125
0 0.5567434210526315 0.529296875 0.06085526315789473 0.19140625
0 0.4251644736842105 0.5625 0.05427631578947368 0.171875
0 0.3527960526315789 0.544921875 0.0805921052631579 0.27734375
