0 0.13075657894736842 0.33203125 0.0805921052631579 0.21875
0 0.8626644736842105 0.34765625 0.05756578947368421 0.1640625
0 0.7828947368421052 0.373046875 0.05592105263157894 0.16796875
0 0.6833881578947368 0.42578125 0.06085526315789473 0.1796875
0 0.5641447368421052 0.48046875 0.0625 0.1875
0 0.42434210526315785 0.50390625 0.06907894736842105 0.203125
0 0.2574013157894737 0.59765625 0.07730263157894736 0.234375
0 0.8675986842105262 0.0625 0.05427631578947368 0.1015625
0 0.7261513157894737 0.18359375 0.044407894736842105 0.140625
0 0.6356907894736842 0.189453125 0.04769736842105263 0.15234375
0 0.528782894736842 0.2421875 0.04769736842105263 0.1640625
0 0.4194078947368421 0.236328125 0.05921052631578947 0.17578125
0 0.28371710526315785 0.283203125 0.06414473684210525 0.19921875
