0 0.1381578947368421 0.333984375 0.08223684210526315 0.22265625
0 0.8634868421052632 0.34765625 0.05921052631578947 0.1640625
0 0.7828947368421052 0.373046875 0.05592105263157894 0.16796875
0 0.6833881578947368 0.42578125 0.06085526315789473 0.1796875
0 0.5641447368421052 0.484375 0.0625 0.1875
0 0.42434210526315785 0.5078125 0.06907894736842105 0.203125
0 0.2574013157894737 0.59375 0.07730263157894736 0.234375
0 0.8684210526315789 0.060546875 0.05263157894736842 0.09765625
0 0.7277960526315789 0.18359375 0.044407894736842105 0.140625
0 0.6365131578947368 0.193359375 0.049342105263157895 0.15234375
0 0.5304276315789473 0.2421875 0.04769736842105263 0.1640625
0 0.4194078947368421 0.236328125 0.05921052631578947 0.17578125
0 0.28371710526315785 0.28515625 0.06414473684210525 0.203125
