0 0.14720394736842105 0.333984375 0.0805921052631579 0.22265625
0 0.8626644736842105 0.349609375 0.05756578947368421 0.16796875
0 0.7828947368421052 0.37890625 0.05592105263157894 0.171875
0 0.685032894736842 0.42578125 0.06085526315789473 0.1796875
0 0.5657894736842105 0.482421875 0.0625 0.19140625
0 0.421875 0.50390625 0.06743421052631579 0.203125
0 0.2574013157894737 0.59375 0.07730263157894736 0.234375
0 0.8667763157894737 0.060546875 0.05263157894736842 0.09765625
0 0.7277960526315789 0.18359375 0.044407894736842105 0.140625
0 0.6356907894736842 0.193359375 0.04769736842105263 0.15234375
0 0.5304276315789473 0.23828125 0.04769736842105263 0.1640625
0 0.4194078947368421 0.236328125 0.05921052631578947 0.17578125
0 0.287828947368421 0.2890625 0.06578947368421052 0.203125
