0 0.18174342105263158 0.181640625 0.07730263157894736 0.21484375
0 0.8610197368421052 0.34765625 0.05756578947368421 0.1640625
0 0.7828947368421052 0.373046875 0.05592105263157894 0.16796875
0 0.6875 0.419921875 0.05921052631578947 0.17578125
0 0.5641447368421052 0.482421875 0.0625 0.19140625
0 0.42351973684210525 0.50390625 0.06743421052631579 0.203125
0 0.2574013157894737 0.59375 0.07730263157894736 0.234375
0 0.8684210526315789 0.064453125 0.05263157894736842 0.09765625
0 0.7277960526315789 0.1796875 0.044407894736842105 0.140625
0 0.6365131578947368 0.185546875 0.046052631578947366 0.15234375
0 0.5483590460526316 0.24793242187499998 0.04769736842105263 0.16796874999999997
0 0.4194078947368421 0.232421875 0.05921052631578947 0.17578125
0 0.29276315789473684 0.279296875 0.0625 0.19921875
