0 0.16282894736842105 0.1171875 0.08881578947368421 0.2109375
0 0.8610197368421052 0.345703125 0.05756578947368421 0.16015625
0 0.7828947368421052 0.373046875 0.05592105263157894 0.16796875
0 0.6883223684210525 0.419921875 0.05756578947368421 0.17578125
0 0.5649671052631579 0.478515625 0.06414473684210525 0.19140625
0 0.4226973684210526 0.50390625 0.06907894736842105 0.2109375
0 0.2574013157894737 0.58984375 0.07730263157894736 0.234375
0 0.8667763157894737 0.0625 0.049342105263157895 0.09375
0 0.7277960526315789 0.177734375 0.044407894736842105 0.13671875
0 0.6373355263157895 0.185546875 0.044407894736842105 0.15234375
0 0.5402960526315789 0.240234375 0.04769736842105263 0.17578125
0 0.42105263157894735 0.232421875 0.05921052631578947 0.17578125
0 0.421875 0.2265625 0.07072368421052631 0.21875
