0 0.8651315789473684 0.41796875 0.05592105263157894 0.171875
0 0.8585526315789473 0.099609375 0.05263157894736842 0.12890625
0 0.7828947368421052 0.44140625 0.05263157894736842 0.1484375
0 0.7195723684210525 0.248046875 0.044407894736842105 0.13671875
0 0.6266447368421052 0.259765625 0.049342105263157895 0.14453125
0 0.5246710526315789 0.3125 0.05592105263157894 0.15625
0 0.41858552631578944 0.3125 0.05756578947368421 0.1640625
0 0.2820723684210526 0.34765625 0.05756578947368421 0.1875
0 0.11842105263157894 0.390625 0.07236842105263158 0.2109375
0 0.6809210526315789 0.486328125 0.05921052631578947 0.17578125
0 0.5575657894736842 0.541015625 0.0625 0.19140625
0 0.3445723684210526 0.228515625 0.07072368421052631 0.23828125
