0 0.8634868421052632 0.4140625 0.05592105263157894 0.171875
0 0.8585526315789473 0.099609375 0.05263157894736842 0.12890625
0 0.7820723684210525 0.439453125 0.05427631578947368 0.15234375
0 0.7195723684210525 0.244140625 0.044407894736842105 0.13671875
0 0.6282894736842105 0.26171875 0.049342105263157895 0.1484375
0 0.5254934210526315 0.30859375 0.05427631578947368 0.15625
0 0.41776315789473684 0.314453125 0.05592105263157894 0.16796875
0 0.27960526315789475 0.34375 0.05592105263157894 0.1875
0 0.11842105263157894 0.390625 0.07236842105263158 0.2109375
0 0.6825657894736842 0.486328125 0.05921052631578947 0.17578125
0 0.5575657894736842 0.541015625 0.0625 0.19140625
0 0.3421052631578947 0.234375 0.07236842105263158 0.2421875
