0 0.11842105263157894 0.326171875 0.07894736842105263 0.21484375
0 0.8626644736842105 0.349609375 0.05756578947368421 0.16796875
0 0.7828947368421052 0.375 0.05592105263157894 0.171875
0 0.6833881578947368 0.421875 0.06085526315789473 0.1796875
0 0.5657894736842105 0.484375 0.0625 0.1875
0 0.42351973684210525 0.5078125 0.06743421052631579 0.203125
0 0.2574013157894737 0.59765625 0.07730263157894736 0.234375
0 0.8692434210526315 0.060546875 0.05427631578947368 0.09765625
0 0.7277960526315789 0.1875 0.044407894736842105 0.140625
0 0.6365131578947368 0.1953125 0.049342105263157895 0.15625
0 0.528782894736842 0.23828125 0.04769736842105263 0.15625
0 0.41776315789473684 0.236328125 0.05921052631578947 0.17578125
0 0.28042763157894735 0.283203125 0.06085526315789473 0.19921875
