0 0.11924342105263157 0.32421875 0.07072368421052631 0.203125
0 0.8643092105263157 0.349609375 0.05756578947368421 0.16796875
0 0.7828947368421052 0.376953125 0.05592105263157894 0.16796875
0 0.6817434210526315 0.42578125 0.06414473684210525 0.1796875
0 0.5633223684210527 0.490234375 0.06085526315789473 0.19140625
0 0.42351973684210525 0.5078125 0.06743421052631579 0.1953125
0 0.2574013157894737 0.59375 0.07730263157894736 0.234375
0 0.8684210526315789 0.0625 0.05592105263157894 0.1015625
0 0.7277960526315789 0.185546875 0.044407894736842105 0.13671875
0 0.6356907894736842 0.193359375 0.05098684210526316 0.15234375
0 0.528782894736842 0.24609375 0.04769736842105263 0.15625
0 0.4161184210526316 0.244140625 0.05921052631578947 0.17578125
0 0.2738486842105263 0.283203125 0.06085526315789473 0.19140625
