0 0.18832236842105263 0.240234375 0.07401315789473684 0.22265625
0 0.8626644736842105 0.34765625 0.05756578947368421 0.1640625
0 0.7828947368421052 0.376953125 0.05592105263157894 0.16796875
0 0.6866776315789473 0.423828125 0.06085526315789473 0.17578125
0 0.5641447368421052 0.482421875 0.0625 0.19140625
0 0.421875 0.505859375 0.06743421052631579 0.20703125
0 0.2574013157894737 0.59375 0.07730263157894736 0.234375
0 0.8675986842105262 0.064453125 0.05098684210526316 0.09765625
0 0.7277960526315789 0.181640625 0.044407894736842105 0.13671875
0 0.6348684210526315 0.189453125 0.046052631578947366 0.15234375
0 0.5597435855263158 0.257621484375 0.04769736842105263 0.1640625
0 0.42105263157894735 0.236328125 0.05921052631578947 0.17578125
0 0.28618421052631576 0.283203125 0.0625 0.19921875
