0 0.12006578947368421 0.3203125 0.07236842105263158 0.203125
0 0.8626644736842105 0.349609375 0.05756578947368421 0.16796875
0 0.7828947368421052 0.373046875 0.05592105263157894 0.16796875
0 0.6825657894736842 0.427734375 0.0625 0.18359375
0 0.5633223684210527 0.484375 0.06085526315789473 0.1875
0 0.42351973684210525 0.50390625 0.06743421052631579 0.1953125
0 0.2574013157894737 0.59765625 0.07730263157894736 0.234375
0 0.8700657894736842 0.0625 0.05592105263157894 0.1015625
0 0.7261513157894737 0.1875 0.044407894736842105 0.140625
0 0.6356907894736842 0.197265625 0.05098684210526316 0.15234375
0 0.528782894736842 0.244140625 0.04769736842105263 0.15234375
0 0.41776315789473684 0.240234375 0.05921052631578947 0.17578125
0 0.2754934210526316 0.283203125 0.06085526315789473 0.19140625
