0 0.8618421052631579 0.41015625 0.05592105263157894 0.171875
0 0.8585526315789473 0.095703125 0.05263157894736842 0.12890625
0 0.7820723684210525 0.431640625 0.05427631578947368 0.15234375
0 0.7195723684210525 0.240234375 0.044407894736842105 0.13671875
0 0.6282894736842105 0.251953125 0.049342105263157895 0.14453125
0 0.5246710526315789 0.3046875 0.05263157894736842 0.15625
0 0.41858552631578944 0.306640625 0.05756578947368421 0.16796875
0 0.2787828947368421 0.33984375 0.05756578947368421 0.1875
0 0.11842105263157894 0.380859375 0.07236842105263158 0.20703125
0 0.6817434210526315 0.482421875 0.05756578947368421 0.17578125
0 0.5575657894736842 0.533203125 0.0625 0.19140625
0 0.4276315789473684 0.572265625 0.049342105263157895 0.17578125
0 0.3412828947368421 0.37109375 0.07730263157894736 0.265625
