0 0.12006578947368421 0.322265625 0.07236842105263158 0.20703125
0 0.8634868421052632 0.3515625 0.05592105263157894 0.171875
0 0.7828947368421052 0.375 0.05592105263157894 0.171875
0 0.6825657894736842 0.42578125 0.0625 0.1796875
0 0.5649671052631579 0.484375 0.06085526315789473 0.1875
0 0.421875 0.50390625 0.06743421052631579 0.1953125
0 0.2574013157894737 0.59765625 0.07730263157894736 0.234375
0 0.8700657894736842 0.05859375 0.05592105263157894 0.1015625
0 0.7277960526315789 0.185546875 0.044407894736842105 0.13671875
0 0.6356907894736842 0.1953125 0.05098684210526316 0.15625
0 0.5271381578947368 0.24609375 0.04769736842105263 0.15625
0 0.41776315789473684 0.240234375 0.05921052631578947 0.17578125
0 0.2746710526315789 0.283203125 0.05921052631578947 0.19140625
