0 0.16282894736842105 0.1328125 0.08223684210526315 0.203125
0 0.8610197368421052 0.345703125 0.05756578947368421 0.16015625
0 0.7828947368421052 0.373046875 0.05592105263157894 0.16796875
0 0.6875 0.423828125 0.05921052631578947 0.17578125
0 0.5649671052631579 0.482421875 0.06414473684210525 0.19140625
0 0.4226973684210526 0.501953125 0.06907894736842105 0.20703125
0 0.2574013157894737 0.58984375 0.07730263157894736 0.234375
0 0.8675986842105262 0.060546875 0.05098684210526316 0.09765625
0 0.7277960526315789 0.177734375 0.044407894736842105 0.13671875
0 0.6365131578947368 0.185546875 0.046052631578947366 0.15234375
0 0.528782894736842 0.240234375 0.04769736842105263 0.16796875
0 0.42105263157894735 0.232421875 0.05921052631578947 0.17578125
0 0.3182565789473684 0.28515625 0.06743421052631579 0.2109375
