0 0.12006578947368421 0.314453125 0.0756578947368421 0.20703125
0 0.8626644736842105 0.349609375 0.05756578947368421 0.16796875
0 0.7828947368421052 0.376953125 0.05592105263157894 0.16796875
0 0.6842105263157894 0.42578125 0.0625 0.1796875
0 0.5641447368421052 0.486328125 0.0625 0.19140625
0 0.421875 0.505859375 0.06743421052631579 0.19921875
0 0.2574013157894737 0.59765625 0.07730263157894736 0.234375
0 0.8684210526315789 0.05859375 0.05592105263157894 0.1015625
0 0.7261513157894737 0.18359375 0.044407894736842105 0.140625
0 0.6365131578947368 0.19140625 0.049342105263157895 0.15625
0 0.5271381578947368 0.244140625 0.04769736842105263 0.16015625
0 0.41776315789473684 0.236328125 0.05921052631578947 0.17578125
0 0.27960526315789475 0.28515625 0.0625 0.1953125
