0 0.12088815789473684 0.31640625 0.07401315789473684 0.203125
0 0.8618421052631579 0.349609375 0.05592105263157894 0.16796875
0 0.7828947368421052 0.37890625 0.05592105263157894 0.171875
0 0.6817434210526315 0.42578125 0.06085526315789473 0.1796875
0 0.5649671052631579 0.484375 0.06085526315789473 0.1875
0 0.42351973684210525 0.509765625 0.06743421052631579 0.19921875
0 0.2574013157894737 0.59765625 0.07730263157894736 0.234375
0 0.8684210526315789 0.05859375 0.05592105263157894 0.1015625
0 0.7277960526315789 0.185546875 0.044407894736842105 0.13671875
0 0.6373355263157895 0.193359375 0.05098684210526316 0.15234375
0 0.5271381578947368 0.2421875 0.04769736842105263 0.15625
0 0.41776315789473684 0.240234375 0.05921052631578947 0.17578125
0 0.2763157894736842 0.28125 0.05921052631578947 0.1953125
