0 0.1850328947368421 0.115234375 0.08717105263157894 0.20703125
0 0.8618421052631579 0.345703125 0.05921052631578947 0.16015625
0 0.7828947368421052 0.373046875 0.05592105263157894 0.16796875
0 0.6866776315789473 0.423828125 0.05756578947368421 0.17578125
0 0.5649671052631579 0.478515625 0.06414473684210525 0.19140625
0 0.4226973684210526 0.5078125 0.06907894736842105 0.2109375
0 0.2574013157894737 0.58984375 0.07730263157894736 0.234375
0 0.8675986842105262 0.0625 0.05098684210526316 0.09375
0 0.7277960526315789 0.1796875 0.044407894736842105 0.140625
0 0.6373355263157895 0.185546875 0.044407894736842105 0.15234375
0 0.5370065789473684 0.23828125 0.04769736842105263 0.171875
0 0.42105263157894735 0.228515625 0.05921052631578947 0.17578125
0 0.41447368421052627 0.296875 0.06907894736842105 0.21875
