0 0.16776315789473684 0.3203125 0.07894736842105263 0.2265625
0 0.8626644736842105 0.34765625 0.05756578947368421 0.1640625
0 0.7828947368421052 0.376953125 0.05592105263157894 0.16796875
0 0.6858552631578947 0.419921875 0.05921052631578947 0.17578125
0 0.5649671052631579 0.486328125 0.06414473684210525 0.19140625
0 0.42434210526315785 0.50390625 0.06907894736842105 0.203125
0 0.2574013157894737 0.59375 0.07730263157894736 0.234375
0 0.8667763157894737 0.060546875 0.05263157894736842 0.09765625
0 0.7277960526315789 0.1796875 0.044407894736842105 0.140625
0 0.6356907894736842 0.19140625 0.04769736842105263 0.15625
0 0.5304276315789473 0.23828125 0.04769736842105263 0.1640625
0 0.4194078947368421 0.232421875 0.05921052631578947 0.17578125
0 0.2886513157894737 0.291015625 0.06414473684210525 0.20703125
