0 0.8634868421052632 0.4140625 0.05592105263157894 0.171875
0 0.8585526315789473 0.099609375 0.05263157894736842 0.12890625
0 0.7820723684210525 0.439453125 0.05427631578947368 0.15234375
0 0.7195723684210525 0.244140625 0.044407894736842105 0.13671875
0 0.6266447368421052 0.251953125 0.049342105263157895 0.14453125
0 0.5246710526315789 0.3046875 0.05263157894736842 0.15625
0 0.41776315789473684 0.306640625 0.05592105263157894 0.16796875
0 0.28042763157894735 0.34375 0.05756578947368421 0.1875
0 0.11842105263157894 0.3828125 0.07236842105263158 0.2109375
0 0.6817434210526315 0.482421875 0.05756578947368421 0.17578125
0 0.5567434210526315 0.537109375 0.06085526315789473 0.19140625
0 0.4325657894736842 0.576171875 0.046052631578947366 0.18359375
0 0.33634868421052627 0.255859375 0.07401315789473684 0.25390625
