0 0.865953947368421 0.41796875 0.05756578947368421 0.171875
0 0.8585526315789473 0.103515625 0.05263157894736842 0.12890625
0 0.7828947368421052 0.44140625 0.05263157894736842 0.1484375
0 0.7195723684210525 0.248046875 0.044407894736842105 0.13671875
0 0.6266447368421052 0.26171875 0.049342105263157895 0.1484375
0 0.5246710526315789 0.30859375 0.05592105263157894 0.15625
0 0.41858552631578944 0.310546875 0.05756578947368421 0.16796875
0 0.2820723684210526 0.345703125 0.05756578947368421 0.18359375
0 0.11842105263157894 0.392578125 0.07236842105263158 0.21484375
0 0.6809210526315789 0.490234375 0.05921052631578947 0.17578125
0 0.5575657894736842 0.541015625 0.0625 0.19140625
0 0.3445723684210526 0.232421875 0.07072368421052631 0.23828125
