0 0.1611842105263158 0.107421875 0.08552631578947367 0.19921875
0 0.8618421052631579 0.345703125 0.05921052631578947 0.16015625
0 0.7828947368421052 0.373046875 0.05592105263157894 0.16796875
0 0.6866776315789473 0.419921875 0.05756578947368421 0.17578125
0 0.5641447368421052 0.478515625 0.0625 0.19140625
0 0.4226973684210526 0.505859375 0.06907894736842105 0.20703125
0 0.2574013157894737 0.58984375 0.07730263157894736 0.234375
0 0.8675986842105262 0.060546875 0.05098684210526316 0.09765625
0 0.7277960526315789 0.1796875 0.044407894736842105 0.140625
0 0.6365131578947368 0.185546875 0.046052631578947366 0.15234375
0 0.5304276315789473 0.2421875 0.04769736842105263 0.171875
0 0.4194078947368421 0.232421875 0.05921052631578947 0.17578125
0 0.36348684210526316 0.333984375 0.06907894736842105 0.21484375
