0 0.11924342105263157 0.32421875 0.07072368421052631 0.203125
0 0.8618421052631579 0.3515625 0.05592105263157894 0.171875
0 0.7828947368421052 0.37890625 0.05592105263157894 0.171875
0 0.6833881578947368 0.42578125 0.06414473684210525 0.1796875
0 0.5649671052631579 0.484375 0.06085526315789473 0.1875
0 0.42351973684210525 0.505859375 0.06743421052631579 0.19921875
0 0.2574013157894737 0.59765625 0.07730263157894736 0.234375
0 0.8700657894736842 0.064453125 0.05592105263157894 0.10546875
0 0.7277960526315789 0.181640625 0.044407894736842105 0.13671875
0 0.6348684210526315 0.1953125 0.049342105263157895 0.15625
0 0.528782894736842 0.244140625 0.04769736842105263 0.15234375
0 0.41776315789473684 0.240234375 0.05921052631578947 0.17578125
0 0.2746710526315789 0.283203125 0.05921052631578947 0.19140625
