0 0.16529605263157893 0.328125 0.0805921052631579 0.2265625
0 0.8634868421052632 0.349609375 0.05921052631578947 0.16796875
0 0.7828947368421052 0.375 0.05592105263157894 0.171875
0 0.685032894736842 0.421875 0.06085526315789473 0.1796875
0 0.5657894736842105 0.48046875 0.0625 0.1875
0 0.421875 0.505859375 0.06743421052631579 0.20703125
0 0.2574013157894737 0.59375 0.07730263157894736 0.234375
0 0.8667763157894737 0.060546875 0.05263157894736842 0.09765625
0 0.7277960526315789 0.18359375 0.044407894736842105 0.140625
0 0.6356907894736842 0.189453125 0.04769736842105263 0.15234375
0 0.5304276315789473 0.23828125 0.04769736842105263 0.1640625
0 0.4194078947368421 0.236328125 0.05921052631578947 0.17578125
0 0.2894736842105263 0.291015625 0.06578947368421052 0.20703125
