0 0.8626644736842105 0.404296875 0.05756578947368421 0.17578125
0 0.8585526315789473 0.091796875 0.05263157894736842 0.12890625
0 0.778782894736842 0.4296875 0.05427631578947368 0.15625
0 0.7195723684210525 0.236328125 0.044407894736842105 0.13671875
0 0.6266447368421052 0.248046875 0.049342105263157895 0.14453125
0 0.5246710526315789 0.296875 0.05263157894736842 0.15625
0 0.41858552631578944 0.30078125 0.05756578947368421 0.171875
0 0.27960526315789475 0.33203125 0.05921052631578947 0.1875
0 0.11842105263157894 0.376953125 0.07236842105263158 0.20703125
0 0.6809210526315789 0.474609375 0.05592105263157894 0.17578125
0 0.5567434210526315 0.529296875 0.06085526315789473 0.19140625
0 0.4259868421052631 0.568359375 0.05592105263157894 0.17578125
0 0.3527960526315789 0.6015625 0.0805921052631579 0.28125
