0 0.11924342105263157 0.314453125 0.07730263157894736 0.20703125
0 0.8618421052631579 0.34765625 0.05592105263157894 0.1640625
0 0.7828947368421052 0.376953125 0.05592105263157894 0.16796875
0 0.6842105263157894 0.42578125 0.0625 0.1796875
0 0.5641447368421052 0.486328125 0.0625 0.19140625
0 0.42434210526315785 0.501953125 0.06907894736842105 0.19921875
0 0.2574013157894737 0.59765625 0.07730263157894736 0.234375
0 0.8675986842105262 0.060546875 0.05427631578947368 0.09765625
0 0.7277960526315789 0.185546875 0.044407894736842105 0.13671875
0 0.6365131578947368 0.1953125 0.049342105263157895 0.15625
0 0.5271381578947368 0.23828125 0.04769736842105263 0.15625
0 0.4194078947368421 0.236328125 0.05921052631578947 0.17578125
0 0.28042763157894735 0.287109375 0.06085526315789473 0.19921875
