0 0.12006578947368421 0.3203125 0.07236842105263158 0.203125
0 0.8643092105263157 0.349609375 0.05756578947368421 0.16796875
0 0.7828947368421052 0.373046875 0.05592105263157894 0.16796875
0 0.6825657894736842 0.42578125 0.0625 0.1796875
0 0.5633223684210527 0.484375 0.06085526315789473 0.1875
0 0.421875 0.5078125 0.06743421052631579 0.1953125
0 0.2582236842105263 0.59765625 0.07894736842105263 0.234375
0 0.8684210526315789 0.060546875 0.05592105263157894 0.10546875
0 0.7277960526315789 0.18359375 0.044407894736842105 0.140625
0 0.6348684210526315 0.193359375 0.049342105263157895 0.15234375
0 0.528782894736842 0.240234375 0.04769736842105263 0.15234375
0 0.41776315789473684 0.240234375 0.05921052631578947 0.17578125
0 0.2754934210526316 0.28515625 0.06085526315789473 0.1953125
