0 0.8585526315789473 0.388671875 0.05592105263157894 0.17578125
0 0.8585526315789473 0.076171875 0.05263157894736842 0.12890625
0 0.7763157894736842 0.416015625 0.05592105263157894 0.16015625
0 0.7195723684210525 0.224609375 0.044407894736842105 0.13671875
0 0.6282894736842105 0.232421875 0.049342105263157895 0.13671875
0 0.5238486842105263 0.28515625 0.04769736842105263 0.15625
0 0.4169407894736842 0.29296875 0.05756578947368421 0.171875
0 0.2763157894736842 0.32421875 0.05921052631578947 0.1953125
0 0.11842105263157894 0.36328125 0.07236842105263158 0.203125
0 0.6809210526315789 0.458984375 0.05263157894736842 0.17578125
0 0.5559210526315789 0.513671875 0.05921052631578947 0.19140625
0 0.42434210526315785 0.5546875 0.0625 0.1875
0 0.26151315789473684 0.638671875 0.0756578947368421 0.24609375
