0 0.1644736842105263 0.107421875 0.08552631578947367 0.19921875
0 0.8618421052631579 0.34765625 0.05921052631578947 0.1640625
0 0.7828947368421052 0.373046875 0.05592105263157894 0.16796875
0 0.6875 0.419921875 0.05921052631578947 0.17578125
0 0.5649671052631579 0.4765625 0.06414473684210525 0.1875
0 0.421875 0.5078125 0.06743421052631579 0.2109375
0 0.2574013157894737 0.58984375 0.07730263157894736 0.234375
0 0.865953947368421 0.060546875 0.05098684210526316 0.09765625
0 0.7277960526315789 0.1796875 0.044407894736842105 0.140625
0 0.6356907894736842 0.185546875 0.044407894736842105 0.15234375
0 0.528782894736842 0.2421875 0.04769736842105263 0.171875
0 0.42105263157894735 0.228515625 0.05921052631578947 0.17578125
0 0.3700657894736842 0.345703125 0.06907894736842105 0.21484375
