0 0.1225328947368421 0.32421875 0.07730263157894736 0.1953125
0 0.8634868421052632 0.349609375 0.05592105263157894 0.16796875
0 0.7828947368421052 0.37890625 0.05592105263157894 0.171875
0 0.6792763157894737 0.4296875 0.06907894736842105 0.1875
0 0.5649671052631579 0.48828125 0.06085526315789473 0.1875
0 0.42351973684210525 0.505859375 0.06743421052631579 0.19140625
0 0.2582236842105263 0.59375 0.07894736842105263 0.234375
0 0.8692434210526315 0.05859375 0.05756578947368421 0.1015625
0 0.7261513157894737 0.185546875 0.044407894736842105 0.13671875
0 0.6348684210526315 0.19921875 0.05263157894736842 0.15625
0 0.5320723684210527 0.248046875 0.04769736842105263 0.15234375
0 0.41776315789473684 0.244140625 0.05921052631578947 0.17578125
0 0.27796052631578944 0.279296875 0.06907894736842105 0.19921875
