0 0.12006578947368421 0.32421875 0.07236842105263158 0.203125
0 0.8643092105263157 0.349609375 0.05756578947368421 0.16796875
0 0.7828947368421052 0.375 0.05592105263157894 0.171875
0 0.6809210526315789 0.427734375 0.06578947368421052 0.18359375
0 0.5649671052631579 0.484375 0.06085526315789473 0.1875
0 0.4226973684210526 0.505859375 0.06907894736842105 0.19140625
0 0.2574013157894737 0.59375 0.07730263157894736 0.234375
0 0.8684210526315789 0.064453125 0.05592105263157894 0.10546875
0 0.7261513157894737 0.181640625 0.044407894736842105 0.13671875
0 0.6356907894736842 0.1953125 0.05098684210526316 0.15625
0 0.5279605263157895 0.244140625 0.046052631578947366 0.15234375
0 0.41776315789473684 0.244140625 0.05921052631578947 0.17578125
0 0.2763157894736842 0.28515625 0.0625 0.1953125
