0 0.17598684210526314 0.1640625 0.07894736842105263 0.2109375
0 0.8634868421052632 0.34765625 0.05921052631578947 0.1640625
0 0.7828947368421052 0.373046875 0.05592105263157894 0.16796875
0 0.6875 0.419921875 0.05921052631578947 0.17578125
0 0.5641447368421052 0.482421875 0.0625 0.19140625
0 0.4226973684210526 0.505859375 0.06907894736842105 0.20703125
0 0.2574013157894737 0.58984375 0.07730263157894736 0.234375
0 0.8675986842105262 0.060546875 0.05098684210526316 0.09765625
0 0.7261513157894737 0.1796875 0.044407894736842105 0.140625
0 0.6365131578947368 0.189453125 0.046052631578947366 0.15234375
0 0.5320723684210527 0.236328125 0.04769736842105263 0.16796875
0 0.4194078947368421 0.232421875 0.05921052631578947 0.17578125
0 0.303453947368421 0.28125 0.06414473684210525 0.203125
