0 0.11924342105263157 0.3203125 0.07072368421052631 0.203125
0 0.8618421052631579 0.349609375 0.05592105263157894 0.16796875
0 0.7828947368421052 0.37890625 0.05592105263157894 0.171875
0 0.6817434210526315 0.427734375 0.06414473684210525 0.18359375
0 0.5657894736842105 0.48828125 0.0625 0.1875
0 0.42351973684210525 0.50390625 0.06743421052631579 0.1953125
0 0.2574013157894737 0.59375 0.07730263157894736 0.234375
0 0.8684210526315789 0.0625 0.05592105263157894 0.1015625
0 0.7261513157894737 0.181640625 0.044407894736842105 0.13671875
0 0.6356907894736842 0.1953125 0.05098684210526316 0.15625
0 0.528782894736842 0.24609375 0.04769736842105263 0.15625
0 0.4161184210526316 0.240234375 0.05921052631578947 0.17578125
0 0.2746710526315789 0.283203125 0.05921052631578947 0.19140625
