0 0.18174342105263158 0.296875 0.07401315789473684 0.2265625
0 0.8626644736842105 0.34765625 0.05756578947368421 0.1640625
0 0.7828947368421052 0.375 0.05592105263157894 0.171875
0 0.6858552631578947 0.423828125 0.05921052631578947 0.17578125
0 0.5657894736842105 0.482421875 0.0625 0.19140625
0 0.4226973684210526 0.50390625 0.06907894736842105 0.203125
0 0.2574013157894737 0.59375 0.07730263157894736 0.234375
0 0.8684210526315789 0.064453125 0.05263157894736842 0.09765625
0 0.7277960526315789 0.1796875 0.044407894736842105 0.140625
0 0.6356907894736842 0.189453125 0.04769736842105263 0.15234375
0 0.5499715460526315 0.23824296875 0.04769736842105263 0.1640625
0 0.4194078947368421 0.232421875 0.05921052631578947 0.17578125
0 0.2894736842105263 0.291015625 0.06578947368421052 0.20703125
