0 0.8626644736842105 0.392578125 0.05756578947368421 0.17578125
0 0.8585526315789473 0.080078125 0.05263157894736842 0.12890625
0 0.7771381578947368 0.421875 0.05427631578947368 0.15625
0 0.7195723684210525 0.228515625 0.044407894736842105 0.13671875
0 0.6282894736842105 0.2421875 0.049342105263157895 0.140625
0 0.5254934210526315 0.29296875 0.05098684210526316 0.15625
0 0.41776315789473684 0.296875 0.05921052631578947 0.171875
0 0.27796052631578944 0.33203125 0.05921052631578947 0.1953125
0 0.11842105263157894 0.369140625 0.07236842105263158 0.20703125
0 0.6800986842105263 0.466796875 0.05427631578947368 0.17578125
0 0.5567434210526315 0.517578125 0.06085526315789473 0.19140625
0 0.42434210526315785 0.560546875 0.05921052631578947 0.18359375
0 0.3133223684210526 0.716796875 0.0805921052631579 0.26953125
