0 0.18914473684210525 0.224609375 0.0756578947368421 0.22265625
0 0.8634868421052632 0.34765625 0.05921052631578947 0.1640625
0 0.7828947368421052 0.373046875 0.05592105263157894 0.16796875
0 0.6858552631578947 0.42578125 0.05921052631578947 0.1796875
0 0.5649671052631579 0.482421875 0.06414473684210525 0.19140625
0 0.4226973684210526 0.5 0.06907894736842105 0.203125
0 0.2574013157894737 0.58984375 0.07730263157894736 0.234375
0 0.8675986842105262 0.064453125 0.05098684210526316 0.09765625
0 0.7261513157894737 0.1796875 0.044407894736842105 0.140625
0 0.6348684210526315 0.19140625 0.046052631578947366 0.15625
0 0.5564861842105262 0.240234375 0.04769736842105263 0.16796875
0 0.4194078947368421 0.232421875 0.05921052631578947 0.17578125
0 0.2820723684210526 0.28125 0.06085526315789473 0.1953125
