0 0.1439144736842105 0.3359375 0.0805921052631579 0.2265625
0 0.8626644736842105 0.34765625 0.05756578947368421 0.1640625
0 0.7828947368421052 0.376953125 0.05592105263157894 0.16796875
0 0.685032894736842 0.423828125 0.06085526315789473 0.17578125
0 0.5641447368421052 0.482421875 0.0625 0.19140625
0 0.4226973684210526 0.501953125 0.06907894736842105 0.19921875
0 0.2574013157894737 0.59765625 0.07730263157894736 0.234375
0 0.8667763157894737 0.0625 0.05263157894736842 0.1015625
0 0.7261513157894737 0.177734375 0.044407894736842105 0.13671875
0 0.6356907894736842 0.189453125 0.04769736842105263 0.15234375
0 0.528782894736842 0.236328125 0.04769736842105263 0.16015625
0 0.4194078947368421 0.236328125 0.05921052631578947 0.17578125
0 0.28536184210526316 0.28515625 0.06414473684210525 0.203125
