0 0.11924342105263157 0.326171875 0.07730263157894736 0.21484375
0 0.8626644736842105 0.349609375 0.05756578947368421 0.16796875
0 0.7828947368421052 0.37890625 0.05592105263157894 0.171875
0 0.685032894736842 0.42578125 0.06085526315789473 0.1796875
0 0.5657894736842105 0.482421875 0.0625 0.19140625
0 0.42434210526315785 0.505859375 0.06907894736842105 0.19921875
0 0.2574013157894737 0.59765625 0.07730263157894736 0.234375
0 0.8684210526315789 0.0625 0.05263157894736842 0.1015625
0 0.7277960526315789 0.181640625 0.044407894736842105 0.13671875
0 0.6365131578947368 0.193359375 0.049342105263157895 0.15234375
0 0.528782894736842 0.244140625 0.04769736842105263 0.16015625
0 0.4194078947368421 0.240234375 0.05921052631578947 0.17578125
0 0.28125 0.283203125 0.0625 0.19921875
