0 0.17598684210526314 0.109375 0.08552631578947367 0.203125
0 0.8626644736842105 0.345703125 0.05756578947368421 0.16015625
0 0.7828947368421052 0.373046875 0.05592105263157894 0.16796875
0 0.6866776315789473 0.419921875 0.05756578947368421 0.17578125
0 0.5649671052631579 0.478515625 0.06414473684210525 0.19140625
0 0.4226973684210526 0.50390625 0.06907894736842105 0.2109375
0 0.2574013157894737 0.5859375 0.07730263157894736 0.234375
0 0.8675986842105262 0.064453125 0.05098684210526316 0.09765625
0 0.7277960526315789 0.1796875 0.044407894736842105 0.140625
0 0.6373355263157895 0.185546875 0.044407894736842105 0.15234375
0 0.5353618421052632 0.23828125 0.04769736842105263 0.171875
0 0.42105263157894735 0.228515625 0.05921052631578947 0.17578125
0 0.3996710526315789 0.330078125 0.06907894736842105 0.21484375
