0 0.1907894736842105 0.20703125 0.0756578947368421 0.21875
0 0.8634868421052632 0.34765625 0.05921052631578947 0.1640625
0 0.7828947368421052 0.37890625 0.05592105263157894 0.171875
0 0.6858552631578947 0.419921875 0.05921052631578947 0.17578125
0 0.5657894736842105 0.482421875 0.0625 0.19140625
0 0.4226973684210526 0.50390625 0.06907894736842105 0.203125
0 0.2574013157894737 0.59375 0.07730263157894736 0.234375
0 0.8684210526315789 0.0625 0.05263157894736842 0.09375
0 0.7277960526315789 0.18359375 0.044407894736842105 0.140625
0 0.6356907894736842 0.189453125 0.04769736842105263 0.15234375
0 0.5516162828947369 0.24019609375 0.04769736842105263 0.16796875
0 0.4194078947368421 0.232421875 0.05921052631578947 0.17578125
0 0.2820723684210526 0.275390625 0.06085526315789473 0.19140625
