0 0.1850328947368421 0.29296875 0.07401315789473684 0.2265625
0 0.8610197368421052 0.34765625 0.05756578947368421 0.1640625
0 0.7828947368421052 0.376953125 0.05592105263157894 0.16796875
0 0.6858552631578947 0.42578125 0.05921052631578947 0.1796875
0 0.5641447368421052 0.482421875 0.0625 0.19140625
0 0.421875 0.50390625 0.06743421052631579 0.203125
0 0.2574013157894737 0.59375 0.07730263157894736 0.234375
0 0.865953947368421 0.064453125 0.05098684210526316 0.09765625
0 0.7277960526315789 0.177734375 0.044407894736842105 0.13671875
0 0.6348684210526315 0.189453125 0.046052631578947366 0.15234375
0 0.5418282894736842 0.23441328125 0.04769736842105263 0.1640625
0 0.4194078947368421 0.236328125 0.05921052631578947 0.17578125
0 0.2911184210526316 0.291015625 0.06578947368421052 0.20703125
