0 0.1611842105263158 0.126953125 0.08223684210526315 0.19921875
0 0.8618421052631579 0.34765625 0.05921052631578947 0.1640625
0 0.7828947368421052 0.376953125 0.05592105263157894 0.16796875
0 0.6858552631578947 0.423828125 0.05921052631578947 0.17578125
0 0.5641447368421052 0.482421875 0.0625 0.19140625
0 0.4226973684210526 0.501953125 0.06907894736842105 0.20703125
0 0.2574013157894737 0.58984375 0.07730263157894736 0.234375
0 0.8675986842105262 0.05859375 0.05098684210526316 0.09375
0 0.7277960526315789 0.18359375 0.044407894736842105 0.140625
0 0.6365131578947368 0.189453125 0.046052631578947366 0.15234375
0 0.5263157894736842 0.240234375 0.049342105263157895 0.16796875
0 0.42105263157894735 0.232421875 0.05921052631578947 0.17578125
0 0.319078947368421 0.287109375 0.06578947368421052 0.21484375
