0 0.17023026315789472 0.154296875 0.0805921052631579 0.20703125
0 0.8634868421052632 0.345703125 0.05921052631578947 0.16015625
0 0.7828947368421052 0.373046875 0.05592105263157894 0.16796875
0 0.6875 0.419921875 0.05921052631578947 0.17578125
0 0.5649671052631579 0.482421875 0.06414473684210525 0.19140625
0 0.4226973684210526 0.50390625 0.06907894736842105 0.203125
0 0.2574013157894737 0.58984375 0.07730263157894736 0.234375
0 0.865953947368421 0.05859375 0.05098684210526316 0.09375
0 0.7261513157894737 0.18359375 0.044407894736842105 0.140625
0 0.6373355263157895 0.189453125 0.04769736842105263 0.15234375
0 0.5320723684210527 0.236328125 0.04769736842105263 0.16796875
0 0.4194078947368421 0.232421875 0.05921052631578947 0.17578125
0 0.30838815789473684 0.283203125 0.06414473684210525 0.20703125
