0 0.13240131578947367 0.328125 0.0805921052631579 0.21875
0 0.8626644736842105 0.349609375 0.05756578947368421 0.16796875
0 0.7828947368421052 0.37890625 0.05592105263157894 0.171875
0 0.685032894736842 0.42578125 0.06085526315789473 0.1796875
0 0.5657894736842105 0.482421875 0.0625 0.19140625
0 0.42351973684210525 0.501953125 0.06743421052631579 0.19921875
0 0.2574013157894737 0.59375 0.07730263157894736 0.234375
0 0.8675986842105262 0.0625 0.05427631578947368 0.1015625
0 0.7277960526315789 0.18359375 0.044407894736842105 0.140625
0 0.6356907894736842 0.189453125 0.04769736842105263 0.15234375
0 0.528782894736842 0.236328125 0.04769736842105263 0.16015625
0 0.4194078947368421 0.236328125 0.05921052631578947 0.17578125
0 0.28289473684210525 0.28515625 0.0625 0.203125
