0 0.17351973684210525 0.11328125 0.08717105263157894 0.2109375
0 0.8618421052631579 0.34765625 0.05921052631578947 0.1640625
0 0.7828947368421052 0.373046875 0.05592105263157894 0.16796875
0 0.6866776315789473 0.419921875 0.05756578947368421 0.17578125
0 0.5649671052631579 0.478515625 0.06414473684210525 0.19140625
0 0.4226973684210526 0.50390625 0.06907894736842105 0.2109375
0 0.2574013157894737 0.58984375 0.07730263157894736 0.234375
0 0.8667763157894737 0.064453125 0.049342105263157895 0.09765625
0 0.7277960526315789 0.1796875 0.044407894736842105 0.140625
0 0.6373355263157895 0.185546875 0.044407894736842105 0.15234375
0 0.5402960526315789 0.234375 0.04769736842105263 0.171875
0 0.4194078947368421 0.228515625 0.05921052631578947 0.17578125
0 0.41776315789473684 0.265625 0.06907894736842105 0.21875
