0 0.8626644736842105 0.404296875 0.05756578947368421 0.17578125
0 0.8585526315789473 0.087890625 0.05263157894736842 0.12890625
0 0.778782894736842 0.42578125 0.05427631578947368 0.15625
0 0.7195723684210525 0.232421875 0.044407894736842105 0.13671875
0 0.6282894736842105 0.244140625 0.049342105263157895 0.14453125
0 0.5238486842105263 0.296875 0.05098684210526316 0.15625
0 0.4169407894736842 0.30078125 0.05756578947368421 0.171875
0 0.27960526315789475 0.333984375 0.05921052631578947 0.19140625
0 0.11842105263157894 0.37890625 0.07236842105263158 0.2109375
0 0.6800986842105263 0.470703125 0.05427631578947368 0.17578125
0 0.5567434210526315 0.525390625 0.06085526315789473 0.19140625
0 0.42434210526315785 0.564453125 0.05592105263157894 0.17578125
0 0.3577302631578947 0.71875 0.08388157894736842 0.2890625
