0 0.8610197368421052 0.39453125 0.05756578947368421 0.171875
0 0.8585526315789473 0.080078125 0.05263157894736842 0.12890625
0 0.7771381578947368 0.421875 0.05427631578947368 0.15625
0 0.7195723684210525 0.232421875 0.044407894736842105 0.13671875
0 0.6282894736842105 0.2421875 0.049342105263157895 0.140625
0 0.5254934210526315 0.2890625 0.05098684210526316 0.15625
0 0.4169407894736842 0.296875 0.05756578947368421 0.171875
0 0.27960526315789475 0.330078125 0.05921052631578947 0.19140625
0 0.11842105263157894 0.369140625 0.07236842105263158 0.20703125
0 0.6800986842105263 0.466796875 0.05427631578947368 0.17578125
0 0.5559210526315789 0.521484375 0.05921052631578947 0.19140625
0 0.4251644736842105 0.564453125 0.05756578947368421 0.18359375
0 0.3182565789473684 0.7265625 0.0805921052631579 0.265625
