0 0.1537828947368421 0.10546875 0.08388157894736842 0.1953125
0 0.8634868421052632 0.34765625 0.05921052631578947 0.1640625
0 0.7828947368421052 0.373046875 0.05592105263157894 0.16796875
0 0.6858552631578947 0.419921875 0.05921052631578947 0.17578125
0 0.5641447368421052 0.4765625 0.0625 0.1875
0 0.4226973684210526 0.5078125 0.06907894736842105 0.2109375
0 0.2574013157894737 0.58984375 0.07730263157894736 0.234375
0 0.8675986842105262 0.060546875 0.05098684210526316 0.09765625
0 0.7277960526315789 0.1796875 0.044407894736842105 0.140625
0 0.6365131578947368 0.185546875 0.046052631578947366 0.15234375
0 0.5271381578947368 0.240234375 0.04769736842105263 0.16796875
0 0.4194078947368421 0.232421875 0.05921052631578947 0.17578125
0 0.334703947368421 0.294921875 0.06743421052631579 0.21484375
