0 0.1875 0.259765625 0.0756578947368421 0.22265625
0 0.8610197368421052 0.34765625 0.05756578947368421 0.1640625
0 0.7828947368421052 0.375 0.05592105263157894 0.171875
0 0.6858552631578947 0.42578125 0.05921052631578947 0.1796875
0 0.5657894736842105 0.482421875 0.0625 0.19140625
0 0.4226973684210526 0.50390625 0.06907894736842105 0.203125
0 0.2590460526315789 0.595703125 0.07730263157894736 0.23828125
0 0.8667763157894737 0.064453125 0.05263157894736842 0.09765625
0 0.7261513157894737 0.18359375 0.044407894736842105 0.140625
0 0.6356907894736842 0.189453125 0.04769736842105263 0.15234375
0 0.5516003289473683 0.23824296875 0.04769736842105263 0.1640625
0 0.4194078947368421 0.232421875 0.05921052631578947 0.17578125
0 0.2870065789473684 0.283203125 0.06414473684210525 0.19921875
