0 0.15460526315789472 0.3359375 0.08223684210526315 0.2265625
0 0.8634868421052632 0.349609375 0.05921052631578947 0.16796875
0 0.7828947368421052 0.375 0.05592105263157894 0.171875
0 0.685032894736842 0.419921875 0.06085526315789473 0.17578125
0 0.5657894736842105 0.48046875 0.0625 0.1875
0 0.421875 0.5078125 0.06743421052631579 0.203125
0 0.2574013157894737 0.59375 0.07730263157894736 0.234375
0 0.8684210526315789 0.0625 0.05263157894736842 0.1015625
0 0.7261513157894737 0.1796875 0.044407894736842105 0.140625
0 0.6356907894736842 0.189453125 0.04769736842105263 0.15234375
0 0.528782894736842 0.23828125 0.04769736842105263 0.1640625
0 0.41776315789473684 0.236328125 0.05921052631578947 0.17578125
0 0.287828947368421 0.291015625 0.06578947368421052 0.20703125
