0 0.15213815789473684 0.1015625 0.08388157894736842 0.1953125
0 0.8634868421052632 0.345703125 0.05921052631578947 0.16015625
0 0.7828947368421052 0.373046875 0.05592105263157894 0.16796875
0 0.6875 0.419921875 0.05921052631578947 0.17578125
0 0.5641447368421052 0.478515625 0.0625 0.19140625
0 0.42434210526315785 0.501953125 0.06907894736842105 0.20703125
0 0.2574013157894737 0.58984375 0.07730263157894736 0.234375
0 0.8675986842105262 0.060546875 0.05098684210526316 0.09765625
0 0.7277960526315789 0.1796875 0.044407894736842105 0.140625
0 0.6356907894736842 0.185546875 0.044407894736842105 0.15234375
0 0.5254934210526315 0.240234375 0.04769736842105263 0.16796875
0 0.4194078947368421 0.232421875 0.05921052631578947 0.17578125
0 0.3412828947368421 0.306640625 0.06743421052631579 0.21484375
