0 0.8626644736842105 0.404296875 0.05756578947368421 0.17578125
0 0.8585526315789473 0.087890625 0.05263157894736842 0.12890625
0 0.7804276315789473 0.4296875 0.05427631578947368 0.15625
0 0.7195723684210525 0.236328125 0.044407894736842105 0.13671875
0 0.6266447368421052 0.248046875 0.049342105263157895 0.14453125
0 0.5246710526315789 0.29296875 0.05263157894736842 0.15625
0 0.4169407894736842 0.30078125 0.05756578947368421 0.171875
0 0.27960526315789475 0.3359375 0.05921052631578947 0.1875
0 0.11842105263157894 0.37890625 0.07236842105263158 0.2109375
0 0.6809210526315789 0.474609375 0.05592105263157894 0.17578125
0 0.5567434210526315 0.525390625 0.06085526315789473 0.19140625
0 0.42351973684210525 0.564453125 0.05427631578947368 0.17578125
0 0.35526315789473684 0.658203125 0.08223684210526315 0.28515625
