0 0.11924342105263157 0.328125 0.07072368421052631 0.203125
0 0.8643092105263157 0.3515625 0.05756578947368421 0.171875
0 0.7828947368421052 0.37890625 0.05592105263157894 0.171875
0 0.6809210526315789 0.427734375 0.06578947368421052 0.18359375
0 0.5649671052631579 0.48828125 0.06085526315789473 0.1875
0 0.42351973684210525 0.50390625 0.06743421052631579 0.1953125
0 0.2582236842105263 0.59765625 0.07894736842105263 0.234375
0 0.8708881578947368 0.0625 0.05756578947368421 0.1015625
0 0.7261513157894737 0.1875 0.044407894736842105 0.140625
0 0.6356907894736842 0.1953125 0.05098684210526316 0.15625
0 0.528782894736842 0.244140625 0.04769736842105263 0.15234375
0 0.41776315789473684 0.240234375 0.05921052631578947 0.17578125
0 0.2738486842105263 0.28515625 0.06085526315789473 0.1953125
