0 0.12006578947368421 0.318359375 0.0756578947368421 0.20703125
0 0.8643092105263157 0.349609375 0.05756578947368421 0.16796875
0 0.7828947368421052 0.375 0.05592105263157894 0.171875
0 0.6825657894736842 0.42578125 0.0625 0.1796875
0 0.5657894736842105 0.484375 0.0625 0.1875
0 0.42434210526315785 0.505859375 0.06907894736842105 0.19921875
0 0.2574013157894737 0.59765625 0.07730263157894736 0.234375
0 0.8700657894736842 0.05859375 0.05592105263157894 0.1015625
0 0.7261513157894737 0.1875 0.044407894736842105 0.140625
0 0.6373355263157895 0.1953125 0.05098684210526316 0.15625
0 0.5271381578947368 0.240234375 0.04769736842105263 0.16015625
0 0.41776315789473684 0.236328125 0.05921052631578947 0.17578125
0 0.27960526315789475 0.28515625 0.0625 0.1953125
