0 0.8610197368421052 0.392578125 0.05756578947368421 0.17578125
0 0.8585526315789473 0.080078125 0.05263157894736842 0.12890625
0 0.7754934210526315 0.41796875 0.05427631578947368 0.15625
0 0.7195723684210525 0.228515625 0.044407894736842105 0.13671875
0 0.6282894736842105 0.236328125 0.049342105263157895 0.13671875
0 0.5254934210526315 0.28515625 0.05098684210526316 0.15625
0 0.41776315789473684 0.29296875 0.05921052631578947 0.171875
0 0.2787828947368421 0.326171875 0.06085526315789473 0.19140625
0 0.11842105263157894 0.369140625 0.07236842105263158 0.20703125
0 0.6792763157894737 0.462890625 0.05263157894736842 0.17578125
0 0.5559210526315789 0.513671875 0.05921052631578947 0.19140625
0 0.4251644736842105 0.560546875 0.06085526315789473 0.18359375
0 0.27713815789473684 0.642578125 0.07730263157894736 0.25390625
