0 0.16776315789473684 0.1171875 0.08881578947368421 0.2109375
0 0.8618421052631579 0.345703125 0.05921052631578947 0.16015625
0 0.7828947368421052 0.373046875 0.05592105263157894 0.16796875
0 0.6891447368421052 0.419921875 0.05921052631578947 0.17578125
0 0.5649671052631579 0.478515625 0.06414473684210525 0.19140625
0 0.4226973684210526 0.501953125 0.06907894736842105 0.20703125
0 0.2574013157894737 0.5859375 0.07730263157894736 0.234375
0 0.8667763157894737 0.0625 0.049342105263157895 0.09375
0 0.7277960526315789 0.1796875 0.044407894736842105 0.140625
0 0.638157894736842 0.189453125 0.046052631578947366 0.15234375
0 0.5386513157894737 0.234375 0.04769736842105263 0.171875
0 0.4194078947368421 0.228515625 0.05921052631578947 0.17578125
0 0.421875 0.248046875 0.07072368421052631 0.22265625
