0 0.12171052631578946 0.326171875 0.0756578947368421 0.19921875
0 0.8634868421052632 0.3515625 0.05592105263157894 0.171875
0 0.7828947368421052 0.375 0.05592105263157894 0.171875
0 0.6800986842105263 0.4296875 0.06743421052631579 0.1875
0 0.5657894736842105 0.48828125 0.0625 0.1875
0 0.42351973684210525 0.505859375 0.06743421052631579 0.19140625
0 0.2582236842105263 0.59375 0.07894736842105263 0.234375
0 0.8692434210526315 0.060546875 0.05756578947368421 0.10546875
0 0.7261513157894737 0.185546875 0.044407894736842105 0.13671875
0 0.6356907894736842 0.1953125 0.05098684210526316 0.15625
0 0.5296052631578947 0.244140625 0.046052631578947366 0.15234375
0 0.4161184210526316 0.240234375 0.05921052631578947 0.17578125
0 0.2754934210526316 0.283203125 0.06414473684210525 0.19921875
