0 0.8610197368421052 0.384765625 0.05756578947368421 0.17578125
0 0.8585526315789473 0.076171875 0.05263157894736842 0.12890625
0 0.7754934210526315 0.416015625 0.05427631578947368 0.16015625
0 0.7195723684210525 0.224609375 0.044407894736842105 0.13671875
0 0.6282894736842105 0.232421875 0.049342105263157895 0.13671875
0 0.5246710526315789 0.28125 0.049342105263157895 0.15625
0 0.41776315789473684 0.2890625 0.05921052631578947 0.171875
0 0.2787828947368421 0.32421875 0.06085526315789473 0.1953125
0 0.11842105263157894 0.361328125 0.07236842105263158 0.20703125
0 0.6809210526315789 0.458984375 0.05263157894736842 0.17578125
0 0.5559210526315789 0.509765625 0.05921052631578947 0.19140625
0 0.42434210526315785 0.5546875 0.0625 0.1875
0 0.25493421052631576 0.634765625 0.0756578947368421 0.24609375
