0 0.8626644736842105 0.400390625 0.05756578947368421 0.17578125
0 0.8585526315789473 0.083984375 0.05263157894736842 0.12890625
0 0.778782894736842 0.42578125 0.05427631578947368 0.15625
0 0.7195723684210525 0.232421875 0.044407894736842105 0.13671875
0 0.6282894736842105 0.2421875 0.049342105263157895 0.140625
0 0.5254934210526315 0.29296875 0.05098684210526316 0.15625
0 0.4169407894736842 0.30078125 0.05756578947368421 0.171875
0 0.27796052631578944 0.333984375 0.05921052631578947 0.19140625
0 0.11842105263157894 0.373046875 0.07236842105263158 0.20703125
0 0.6800986842105263 0.470703125 0.05427631578947368 0.17578125
0 0.5559210526315789 0.525390625 0.05921052631578947 0.19140625
0 0.4251644736842105 0.56640625 0.05756578947368421 0.1796875
0 0.3412828947368421 0.736328125 0.0805921052631579 0.27734375
