0 0.11924342105263157 0.322265625 0.07401315789473684 0.20703125
0 0.8626644736842105 0.349609375 0.05756578947368421 0.16796875
0 0.7828947368421052 0.37890625 0.05592105263157894 0.171875
0 0.6842105263157894 0.42578125 0.0625 0.1796875
0 0.5657894736842105 0.486328125 0.0625 0.19140625
0 0.42434210526315785 0.50390625 0.06907894736842105 0.1953125
0 0.2574013157894737 0.59765625 0.07730263157894736 0.234375
0 0.8675986842105262 0.05859375 0.05427631578947368 0.1015625
0 0.7277960526315789 0.181640625 0.044407894736842105 0.13671875
0 0.6348684210526315 0.1953125 0.049342105263157895 0.15625
0 0.5271381578947368 0.2421875 0.04769736842105263 0.15625
0 0.41776315789473684 0.240234375 0.05921052631578947 0.17578125
0 0.27713815789473684 0.28515625 0.06085526315789473 0.1953125
