0 0.17105263157894735 0.318359375 0.07894736842105263 0.23046875
0 0.8626644736842105 0.34765625 0.05756578947368421 0.1640625
0 0.7828947368421052 0.375 0.05592105263157894 0.171875
0 0.685032894736842 0.421875 0.06085526315789473 0.1796875
0 0.5657894736842105 0.48046875 0.0625 0.1875
0 0.42434210526315785 0.50390625 0.06907894736842105 0.203125
0 0.2574013157894737 0.59375 0.07730263157894736 0.234375
0 0.8675986842105262 0.064453125 0.05098684210526316 0.09765625
0 0.7277960526315789 0.181640625 0.044407894736842105 0.13671875
0 0.6356907894736842 0.193359375 0.04769736842105263 0.15234375
0 0.5304276315789473 0.23828125 0.04769736842105263 0.1640625
0 0.4194078947368421 0.236328125 0.05921052631578947 0.17578125
0 0.2894736842105263 0.291015625 0.06578947368421052 0.20703125
