0 0.1595394736842105 0.107421875 0.08552631578947367 0.19921875
0 0.8618421052631579 0.34765625 0.05921052631578947 0.1640625
0 0.7828947368421052 0.375 0.05592105263157894 0.171875
0 0.6875 0.419921875 0.05921052631578947 0.17578125
0 0.5666118421052632 0.482421875 0.06414473684210525 0.19140625
0 0.4226973684210526 0.501953125 0.06907894736842105 0.20703125
0 0.2574013157894737 0.58984375 0.07730263157894736 0.234375
0 0.8667763157894737 0.05859375 0.049342105263157895 0.09375
0 0.7277960526315789 0.1796875 0.044407894736842105 0.140625
0 0.6365131578947368 0.189453125 0.046052631578947366 0.15234375
0 0.528782894736842 0.236328125 0.04769736842105263 0.16796875
0 0.4194078947368421 0.232421875 0.05921052631578947 0.17578125
0 0.35526315789473684 0.326171875 0.06907894736842105 0.21484375
