0 0.859375 0.380859375 0.05756578947368421 0.17578125
0 0.8585526315789473 0.072265625 0.05263157894736842 0.12890625
0 0.7746710526315789 0.41015625 0.05592105263157894 0.15625
0 0.7195723684210525 0.224609375 0.044407894736842105 0.13671875
0 0.6282894736842105 0.228515625 0.049342105263157895 0.13671875
0 0.5238486842105263 0.27734375 0.04769736842105263 0.15625
0 0.41776315789473684 0.287109375 0.05921052631578947 0.17578125
0 0.27713815789473684 0.3203125 0.06085526315789473 0.1953125
0 0.11842105263157894 0.359375 0.07236842105263158 0.203125
0 0.6800986842105263 0.455078125 0.05098684210526316 0.17578125
0 0.5559210526315789 0.505859375 0.05921052631578947 0.19140625
0 0.4251644736842105 0.552734375 0.06414473684210525 0.19140625
0 0.2475328947368421 0.625 0.07401315789473684 0.234375
