0 0.8610197368421052 0.388671875 0.05756578947368421 0.17578125
0 0.8585526315789473 0.080078125 0.05263157894736842 0.12890625
0 0.7763157894736842 0.4140625 0.05592105263157894 0.15625
0 0.7195723684210525 0.228515625 0.044407894736842105 0.13671875
0 0.6282894736842105 0.232421875 0.049342105263157895 0.13671875
0 0.5246710526315789 0.28125 0.049342105263157895 0.15625
0 0.41776315789473684 0.291015625 0.05921052631578947 0.17578125
0 0.27713815789473684 0.32421875 0.06085526315789473 0.1953125
0 0.11842105263157894 0.365234375 0.07236842105263158 0.20703125
0 0.6809210526315789 0.458984375 0.05263157894736842 0.17578125
0 0.5559210526315789 0.509765625 0.05921052631578947 0.19140625
0 0.4259868421052631 0.55859375 0.0625 0.1875
0 0.2631578947368421 0.638671875 0.0756578947368421 0.24609375
