0 0.17269736842105263 0.154296875 0.07894736842105263 0.20703125
0 0.8626644736842105 0.34765625 0.05756578947368421 0.1640625
0 0.7828947368421052 0.37890625 0.05592105263157894 0.171875
0 0.6858552631578947 0.419921875 0.05921052631578947 0.17578125
0 0.5666118421052632 0.482421875 0.06414473684210525 0.19140625
0 0.4226973684210526 0.505859375 0.06907894736842105 0.20703125
0 0.2574013157894737 0.59375 0.07730263157894736 0.234375
0 0.865953947368421 0.060546875 0.05098684210526316 0.09765625
0 0.7277960526315789 0.177734375 0.044407894736842105 0.13671875
0 0.6365131578947368 0.1875 0.046052631578947366 0.15625
0 0.5320723684210527 0.236328125 0.04769736842105263 0.16796875
0 0.4194078947368421 0.232421875 0.05921052631578947 0.17578125
0 0.30509868421052627 0.28125 0.06414473684210525 0.203125
