0 0.1488486842105263 0.3359375 0.0805921052631579 0.2265625
0 0.8626644736842105 0.34765625 0.05756578947368421 0.1640625
0 0.7828947368421052 0.373046875 0.05592105263157894 0.16796875
0 0.685032894736842 0.419921875 0.06085526315789473 0.17578125
0 0.5641447368421052 0.484375 0.0625 0.1875
0 0.421875 0.50390625 0.06743421052631579 0.203125
0 0.2574013157894737 0.59375 0.07730263157894736 0.234375
0 0.8675986842105262 0.060546875 0.05427631578947368 0.09765625
0 0.7261513157894737 0.18359375 0.044407894736842105 0.140625
0 0.6356907894736842 0.19140625 0.04769736842105263 0.15625
0 0.5304276315789473 0.2421875 0.04769736842105263 0.1640625
0 0.41776315789473684 0.232421875 0.05921052631578947 0.17578125
0 0.2870065789473684 0.2890625 0.06414473684210525 0.203125
