0 0.1850328947368421 0.189453125 0.07730263157894736 0.21484375
0 0.8618421052631579 0.345703125 0.05921052631578947 0.16015625
0 0.7828947368421052 0.376953125 0.05592105263157894 0.16796875
0 0.6866776315789473 0.421875 0.06085526315789473 0.1796875
0 0.5649671052631579 0.482421875 0.06414473684210525 0.19140625
0 0.42434210526315785 0.505859375 0.06907894736842105 0.20703125
0 0.2574013157894737 0.58984375 0.07730263157894736 0.234375
0 0.865953947368421 0.064453125 0.05098684210526316 0.09765625
0 0.7261513157894737 0.1796875 0.044407894736842105 0.140625
0 0.6365131578947368 0.189453125 0.046052631578947366 0.15234375
0 0.5548575657894737 0.24019609375 0.04769736842105263 0.16796875
0 0.4194078947368421 0.232421875 0.05921052631578947 0.17578125
0 0.2902960526315789 0.27734375 0.06085526315789473 0.1953125
