0 0.16611842105263158 0.140625 0.08223684210526315 0.203125
0 0.8610197368421052 0.34765625 0.05756578947368421 0.1640625
0 0.7828947368421052 0.375 0.05592105263157894 0.171875
0 0.6858552631578947 0.423828125 0.05921052631578947 0.17578125
0 0.5666118421052632 0.4765625 0.06414473684210525 0.1875
0 0.4226973684210526 0.501953125 0.06907894736842105 0.20703125
0 0.2574013157894737 0.58984375 0.07730263157894736 0.234375
0 0.8675986842105262 0.060546875 0.05098684210526316 0.09765625
0 0.7261513157894737 0.1796875 0.044407894736842105 0.140625
0 0.6365131578947368 0.19140625 0.046052631578947366 0.15625
0 0.53125 0.236328125 0.049342105263157895 0.16796875
0 0.42105263157894735 0.228515625 0.05921052631578947 0.17578125
0 0.3157894736842105 0.283203125 0.06578947368421052 0.20703125
