0 0.8601973684210525 0.396484375 0.05592105263157894 0.17578125
0 0.8585526315789473 0.083984375 0.05263157894736842 0.12890625
0 0.7779605263157894 0.42578125 0.05592105263157894 0.15625
0 0.7195723684210525 0.232421875 0.044407894736842105 0.13671875
0 0.6282894736842105 0.23828125 0.049342105263157895 0.140625
0 0.5230263157894737 0.29296875 0.049342105263157895 0.15625
0 0.4169407894736842 0.296875 0.05756578947368421 0.171875
0 0.27960526315789475 0.330078125 0.05921052631578947 0.19140625
0 0.11842105263157894 0.373046875 0.07236842105263158 0.20703125
0 0.6800986842105263 0.470703125 0.05427631578947368 0.17578125
0 0.5567434210526315 0.521484375 0.06085526315789473 0.19140625
0 0.4259868421052631 0.5625 0.05921052631578947 0.1796875
0 0.3314144736842105 0.736328125 0.0805921052631579 0.26953125
