0 0.859375 0.384765625 0.05756578947368421 0.17578125
0 0.8585526315789473 0.076171875 0.05263157894736842 0.12890625
0 0.7763157894736842 0.4140625 0.05592105263157894 0.15625
0 0.7195723684210525 0.224609375 0.044407894736842105 0.13671875
0 0.6282894736842105 0.232421875 0.049342105263157895 0.13671875
0 0.5230263157894737 0.28125 0.049342105263157895 0.15625
0 0.41776315789473684 0.291015625 0.05921052631578947 0.17578125
0 0.2787828947368421 0.326171875 0.06085526315789473 0.19140625
0 0.11842105263157894 0.359375 0.07236842105263158 0.203125
0 0.6800986842105263 0.458984375 0.05098684210526316 0.17578125
0 0.5559210526315789 0.509765625 0.05921052631578947 0.19140625
0 0.42434210526315785 0.5546875 0.0625 0.1875
0 0.2557565789473684 0.6328125 0.07401315789473684 0.2421875
