0 0.8651315789473684 0.42578125 0.05592105263157894 0.171875
0 0.8585526315789473 0.107421875 0.05263157894736842 0.12890625
0 0.7828947368421052 0.443359375 0.05263157894736842 0.15234375
0 0.7195723684210525 0.248046875 0.044407894736842105 0.13671875
0 0.6266447368421052 0.265625 0.049342105263157895 0.1484375
0 0.5263157894736842 0.31640625 0.05592105263157894 0.15625
0 0.41776315789473684 0.31640625 0.05592105263157894 0.1640625
0 0.28125 0.345703125 0.05592105263157894 0.18359375
0 0.11842105263157894 0.396484375 0.07236842105263158 0.21484375
0 0.6817434210526315 0.494140625 0.06085526315789473 0.17578125
0 0.5575657894736842 0.548828125 0.0625 0.19140625
0 0.3495065789473684 0.236328125 0.07072368421052631 0.23828125
