0 0.15542763157894737 0.1015625 0.08388157894736842 0.1953125
0 0.8610197368421052 0.34765625 0.05756578947368421 0.1640625
0 0.7828947368421052 0.376953125 0.05592105263157894 0.16796875
0 0.6866776315789473 0.419921875 0.05756578947368421 0.17578125
0 0.5649671052631579 0.482421875 0.06414473684210525 0.19140625
0 0.42351973684210525 0.50390625 0.06743421052631579 0.2109375
0 0.2574013157894737 0.58984375 0.07730263157894736 0.234375
0 0.8675986842105262 0.05859375 0.05098684210526316 0.09375
0 0.7277960526315789 0.18359375 0.044407894736842105 0.140625
0 0.6365131578947368 0.189453125 0.046052631578947366 0.15234375
0 0.5271381578947368 0.240234375 0.04769736842105263 0.16796875
0 0.4194078947368421 0.228515625 0.05921052631578947 0.17578125
0 0.3495065789473684 0.314453125 0.06743421052631579 0.21484375
