0 0.12006578947368421 0.326171875 0.07236842105263158 0.19921875
0 0.8634868421052632 0.349609375 0.05592105263157894 0.16796875
0 0.7828947368421052 0.376953125 0.05592105263157894 0.16796875
0 0.6809210526315789 0.427734375 0.06578947368421052 0.18359375
0 0.5633223684210527 0.484375 0.06085526315789473 0.1875
0 0.42351973684210525 0.5078125 0.06743421052631579 0.1953125
0 0.2574013157894737 0.59375 0.07730263157894736 0.234375
0 0.8692434210526315 0.064453125 0.05756578947368421 0.10546875
0 0.7261513157894737 0.185546875 0.044407894736842105 0.13671875
0 0.6356907894736842 0.1953125 0.05098684210526316 0.15625
0 0.5304276315789473 0.244140625 0.04769736842105263 0.15234375
0 0.41776315789473684 0.240234375 0.05921052631578947 0.17578125
0 0.2754934210526316 0.28125 0.06414473684210525 0.1953125
