0 0.8626644736842105 0.400390625 0.05756578947368421 0.17578125
0 0.8585526315789473 0.087890625 0.05263157894736842 0.12890625
0 0.778782894736842 0.423828125 0.05427631578947368 0.15234375
0 0.7195723684210525 0.236328125 0.044407894736842105 0.13671875
0 0.6282894736842105 0.2421875 0.049342105263157895 0.140625
0 0.5238486842105263 0.29296875 0.05098684210526316 0.15625
0 0.41776315789473684 0.30078125 0.05921052631578947 0.171875
0 0.27796052631578944 0.333984375 0.05921052631578947 0.19140625
0 0.11842105263157894 0.373046875 0.07236842105263158 0.20703125
0 0.6809210526315789 0.470703125 0.05592105263157894 0.17578125
0 0.5567434210526315 0.521484375 0.06085526315789473 0.19140625
0 0.42680921052631576 0.5625 0.05756578947368421 0.1796875
0 0.34868421052631576 0.740234375 0.08223684210526315 0.28515625
