0 0.11924342105263157 0.326171875 0.07401315789473684 0.19921875
0 0.8643092105263157 0.3515625 0.05756578947368421 0.171875
0 0.7828947368421052 0.37890625 0.05592105263157894 0.171875
0 0.6809210526315789 0.4296875 0.06578947368421052 0.1875
0 0.5649671052631579 0.48828125 0.06085526315789473 0.1875
0 0.42351973684210525 0.50390625 0.06743421052631579 0.1953125
0 0.2582236842105263 0.59375 0.07894736842105263 0.234375
0 0.8692434210526315 0.060546875 0.05756578947368421 0.10546875
0 0.7261513157894737 0.18359375 0.044407894736842105 0.140625
0 0.6356907894736842 0.1953125 0.05098684210526316 0.15625
0 0.5296052631578947 0.244140625 0.046052631578947366 0.15234375
0 0.4161184210526316 0.240234375 0.05921052631578947 0.17578125
0 0.2763157894736842 0.283203125 0.06578947368421052 0.19921875
