0 0.12088815789473684 0.322265625 0.07401315789473684 0.19921875
0 0.8634868421052632 0.3515625 0.05592105263157894 0.171875
0 0.7828947368421052 0.37890625 0.05592105263157894 0.171875
0 0.6800986842105263 0.427734375 0.06743421052631579 0.18359375
0 0.5657894736842105 0.48828125 0.0625 0.1875
0 0.42351973684210525 0.50390625 0.06743421052631579 0.1953125
0 0.2582236842105263 0.59765625 0.07894736842105263 0.234375
0 0.8684210526315789 0.0625 0.05592105263157894 0.1015625
0 0.7261513157894737 0.185546875 0.044407894736842105 0.13671875
0 0.6356907894736842 0.19921875 0.05098684210526316 0.15625
0 0.5304276315789473 0.244140625 0.04769736842105263 0.15234375
0 0.41776315789473684 0.240234375 0.05921052631578947 0.17578125
0 0.2746710526315789 0.28125 0.0625 0.1953125
