0 0.16776315789473684 0.109375 0.08552631578947367 0.203125
0 0.8610197368421052 0.345703125 0.05756578947368421 0.16015625
0 0.7828947368421052 0.373046875 0.05592105263157894 0.16796875
0 0.6866776315789473 0.419921875 0.05756578947368421 0.17578125
0 0.5649671052631579 0.478515625 0.06414473684210525 0.19140625
0 0.4226973684210526 0.505859375 0.06907894736842105 0.20703125
0 0.2574013157894737 0.58984375 0.07730263157894736 0.234375
0 0.8667763157894737 0.0625 0.049342105263157895 0.09375
0 0.7277960526315789 0.181640625 0.044407894736842105 0.13671875
0 0.6365131578947368 0.189453125 0.046052631578947366 0.15234375
0 0.5304276315789473 0.23828125 0.04769736842105263 0.171875
0 0.42105263157894735 0.232421875 0.05921052631578947 0.17578125
0 0.3782894736842105 0.353515625 0.06907894736842105 0.21484375
